1.45584e-22 	311.27
7.145e-05 	311.27
0.0001429 	310.869
0.0002143 	310.869
0.0002857 	315.869
0.00035715 	315.869
0.0004286 	316.914
0.0005 	316.914
0.0005714 	312.998
0.00064285 	312.998
0.0007143 	312.836
0.0007857 	312.836
0.0008571 	312.876
0.00092855 	312.876
0.001 	312.885
0.00107145 	312.885
0.0011429 	313.304
0.0012143 	313.304
0.0012857 	313.574
0.00135715 	313.574
0.0014286 	313.29
0.0015 	313.29
0.0015714 	313.288
0.00164285 	313.288
0.0017143 	316.946
0.0017857 	316.946
0.0018571 	317.016
0.00192855 	317.016
0.002 	312.696
0.00207145 	312.696
0.0021429 	312.735
0.0022143 	312.735
0.0022857 	315.397
0.00235715 	315.397
0.0024286 	315.523
0.0025 	315.523
0.0025714 	313.59
0.00264285 	313.59
0.0027143 	313.498
0.0027857 	313.498
0.0028571 	310.576
0.003 	310.576
0.0031429 	315.353
0.0032143 	315.353
0.0032857 	315.625
0.00335715 	315.625
0.0034286 	317.983
0.0034643 	317.983
0.0035 	317.989
0.0035357 	317.989
0.0035714 	323.482
0.00360715 	323.482
0.0036429 	323.475
0.0036786 	323.475
0.0037143 	317.163
0.00375 	317.163
0.0037857 	317.161
0.0038214 	317.161
0.0038571 	317.229
0.00392855 	317.229
0.004 	315.564
0.00407145 	315.564
0.0041429 	314.5
0.0042143 	314.5
0.0042857 	317.379
0.00435715 	317.379
0.0044286 	317.407
0.0045 	317.407
0.0045714 	317.408
0.00464285 	317.408
0.0047143 	317.267
0.0047857 	317.267
0.0048571 	317.348
0.00492855 	317.348
0.005 	317.362
0.00507145 	317.362
0.0051429 	318.009
0.0051786 	318.009
0.0052143 	317.974
0.00525 	317.974
0.0052857 	323.737
0.0053214 	323.737
0.0053571 	323.791
0.00539285 	323.791
0.0054286 	323.796
0.0054643 	323.796
0.0055 	323.822
0.0055357 	323.822
0.0055714 	323.811
0.00560715 	323.811
0.0056429 	323.794
0.0056786 	323.794
0.0057143 	317.447
0.00575 	317.447
0.0057857 	317.447
0.0058214 	317.447
0.0058571 	323.666
0.00589285 	323.666
0.0059286 	323.779
0.0059643 	323.779
0.006 	317.682
0.0060357 	317.682
0.0060714 	317.677
0.00610715 	317.677
0.0061429 	317.456
0.0062143 	317.456
0.0062857 	310.647
0.00642855 	310.647
0.0065714 	310.736
0.00671425 	310.736
0.0068571 	314.372
0.00692855 	314.372
0.007 	314.381
0.00707145 	314.381
0.0071429 	317.531
0.0071786 	317.531
0.0072143 	317.533
0.00725 	317.533
0.0072857 	323.927
0.0073214 	323.927
0.0073571 	323.984
0.00739285 	323.984
0.0074286 	323.989
0.0074643 	323.989
0.0075 	324.013
0.0075357 	324.013
0.0075714 	324.003
0.00760715 	324.003
0.0076429 	324
0.0076786 	324
0.0077143 	317.588
0.00775 	317.588
0.0077857 	317.589
0.0078214 	317.589
0.0078571 	323.879
0.00789285 	323.879
0.0079286 	323.994
0.0079643 	323.994
0.008 	323.993
0.0080357 	323.993
0.0080714 	323.934
0.00810715 	323.934
0.0081429 	319.22
0.0081786 	319.22
0.0082143 	319.141
0.00825 	319.141
0.0082857 	324.106
0.0083214 	324.106
0.0083571 	324.159
0.00839285 	324.159
0.0084286 	324.164
0.0084643 	324.164
0.0085 	324.191
0.0085357 	324.191
0.0085714 	324.18
0.00860715 	324.18
0.0086429 	324.185
0.0086786 	324.185
0.0087143 	323.798
0.00875 	323.798
0.0087857 	324.171
0.0088214 	324.171
0.0088571 	324.06
0.00889285 	324.06
0.0089286 	324.169
0.0089643 	324.169
0.009 	324.168
0.0090357 	324.168
0.0090714 	324.113
0.00910715 	324.113
0.0091429 	324.218
0.0091786 	324.218
0.0092143 	323.902
0.00925 	323.902
0.0092857 	324.423
0.0093214 	324.423
0.0093571 	324.478
0.00939285 	324.478
0.0094286 	324.483
0.0094643 	324.483
0.0095 	324.506
0.0095357 	324.506
0.0095714 	324.366
0.00960715 	324.366
0.0096429 	324.352
0.0096786 	324.352
0.0097143 	317.804
0.00975 	317.804
0.0097857 	317.804
0.0098214 	317.804
0.0098571 	324.041
0.00989285 	324.041
0.0099286 	324.157
0.0099643 	324.157
0.01 	320.714
0.0100357 	320.714
0.0100714 	320.687
0.0101071 	320.687
0.0101429 	318.55
0.0101786 	318.55
0.0102143 	318.516
0.01025 	318.516
0.0102857 	324.27
0.0103214 	324.27
0.0103571 	324.331
0.0103929 	324.331
0.0104286 	324.335
0.0104643 	324.335
0.0105 	324.365
0.0105357 	324.365
0.0105714 	324.355
0.0106071 	324.355
0.0106429 	324.358
0.0106786 	324.358
0.0107143 	318.506
0.01075 	318.506
0.0107857 	318.544
0.0108214 	318.544
0.0108571 	324.367
0.0108929 	324.367
0.0109286 	324.488
0.0109643 	324.488
0.011 	324.487
0.0110357 	324.487
0.0110714 	324.421
0.0111071 	324.421
0.0111429 	319.539
0.0111786 	319.539
0.0112143 	319.462
0.01125 	319.462
0.0112857 	324.645
0.0113214 	324.645
0.0113571 	324.706
0.0113929 	324.706
0.0114286 	324.711
0.0114643 	324.711
0.0115 	324.741
0.0115357 	324.741
0.0115714 	324.732
0.0116071 	324.732
0.0116429 	324.738
0.0116786 	324.738
0.0117143 	324.339
0.01175 	324.339
0.0117857 	324.728
0.0118214 	324.728
0.0118571 	324.609
0.0118929 	324.609
0.0119286 	324.723
0.0119643 	324.723
0.012 	324.72
0.0120357 	324.72
0.0120714 	324.666
0.0121071 	324.666
0.0121429 	324.783
0.0121786 	324.783
0.0122143 	324.45
0.01225 	324.45
0.0122857 	324.849
0.0123214 	324.849
0.0123571 	324.902
0.0123929 	324.902
0.0124286 	324.915
0.0124643 	324.915
0.0125 	349.46
0.0125357 	349.46
0.0125714 	366.576
0.0126071 	366.576
0.0126429 	613.131
0.0126786 	613.131
0.0127143 	663.907
0.01275 	663.907
0.0127857 	793.237
0.0128214 	793.237
0.0128571 	790.519
0.0128929 	790.519
0.0129286 	716.038
0.0129643 	716.038
0.013 	703.761
0.0130357 	703.761
0.0130714 	665.912
0.0131071 	665.912
0.0131429 	660.49
0.0131786 	660.49
0.0132143 	617.748
0.01325 	617.748
0.0132857 	619.176
0.0133214 	619.176
0.0133571 	598.939
0.0133929 	598.939
0.0134286 	594.543
0.0134643 	594.543
0.0135 	575.271
0.0135357 	575.271
0.0135714 	573.25
0.0136071 	573.25
0.0136429 	558.163
0.0136786 	558.163
0.0137143 	550.131
0.01375 	550.131
0.0137857 	544.56
0.0138214 	544.56
0.0138571 	541.011
0.0138929 	541.011
0.0139286 	530.651
0.0139643 	530.651
0.014 	528.765
0.0140357 	528.765
0.0140714 	521.212
0.0141071 	521.212
0.0141429 	520.993
0.0141786 	520.993
0.0142143 	508.764
0.01425 	508.764
0.0142857 	511.577
0.0143214 	511.577
0.0143571 	505.822
0.0143929 	505.822
0.0144286 	504.524
0.0144643 	504.524
0.0145 	498.581
0.0145357 	498.581
0.0145714 	498.25
0.0146071 	498.25
0.0146429 	492.756
0.0146786 	492.756
0.0147143 	487.966
0.01475 	487.966
0.0147857 	487.491
0.0148214 	487.491
0.0148571 	485.464
0.0148929 	485.464
0.0149286 	481.415
0.0149643 	481.415
0.015 	480.608
0.0150357 	480.608
0.0150714 	476.851
0.0151071 	476.851
0.0151429 	476.849
0.0151786 	476.849
0.0152143 	469.799
0.01525 	469.799
0.0152857 	472.625
0.0153214 	472.625
0.0153571 	469.742
0.0153929 	469.742
0.0154286 	469.335
0.0154643 	469.335
0.0155 	466.258
0.0155357 	466.258
0.0155714 	465.829
0.0156071 	465.829
0.0156429 	462.809
0.0156786 	462.809
0.0157143 	459.158
0.01575 	459.158
0.0157857 	459.854
0.0158214 	459.854
0.0158571 	458.352
0.0158929 	458.352
0.0159286 	456.225
0.0159643 	456.225
0.016 	455.751
0.0160357 	455.751
0.0160714 	453.32
0.0161071 	453.32
0.0161429 	453.852
0.0161786 	453.852
0.0162143 	448.762
0.01625 	448.762
0.0162857 	451.23
0.0163214 	451.23
0.0163571 	449.425
0.0163929 	449.425
0.0164286 	449.035
0.0164643 	449.035
0.0165 	447.087
0.0165357 	447.087
0.0165714 	446.816
0.0166071 	446.816
0.0166429 	444.842
0.0166786 	444.842
0.0167143 	441.72
0.01675 	441.72
0.0167857 	442.834
0.0168214 	442.834
0.0168571 	441.603
0.0168929 	441.603
0.0169286 	440.342
0.0169643 	440.342
0.017 	440.027
0.0170357 	440.027
0.0170714 	438.235
0.0171071 	438.235
0.0171429 	438.815
0.0171786 	438.815
0.0172143 	434.754
0.01725 	434.754
0.0172857 	437.056
0.0173214 	437.056
0.0173571 	435.809
0.0173929 	435.809
0.0174286 	435.548
0.0174643 	435.548
0.0175 	434.186
0.0175357 	434.186
0.0175714 	433.987
0.0176071 	433.987
0.0176429 	432.562
0.0176786 	432.562
0.0177143 	429.812
0.01775 	429.812
0.0177857 	431.094
0.0178214 	431.094
0.0178571 	430.027
0.0178929 	430.027
0.0179286 	429.22
0.0179643 	429.22
0.018 	428.989
0.0180357 	428.989
0.0180714 	427.564
0.0181071 	427.564
0.0181429 	428.151
0.0181786 	428.151
0.0182143 	424.712
0.01825 	424.712
0.0182857 	426.877
0.0183214 	426.877
0.0183571 	425.954
0.0183929 	425.954
0.0184286 	425.769
0.0184643 	425.769
0.0185 	424.753
0.0185357 	424.753
0.0185714 	424.594
0.0186071 	424.594
0.0186429 	423.51
0.0186786 	423.51
0.0187143 	421.008
0.01875 	421.008
0.0187857 	422.375
0.0188214 	422.375
0.0188571 	421.421
0.0188929 	421.421
0.0189286 	420.903
0.0189643 	420.903
0.019 	420.724
0.0190357 	420.724
0.0190714 	419.54
0.0191071 	419.54
0.0191429 	420.124
0.0191786 	420.124
0.0192143 	417.105
0.01925 	417.105
0.0192857 	419.159
0.0193214 	419.159
0.0193571 	418.446
0.0193929 	418.446
0.0194286 	418.307
0.0194643 	418.307
0.0195 	417.511
0.0195357 	417.511
0.0195714 	417.378
0.0196071 	417.378
0.0196429 	416.521
0.0196786 	416.521
0.0197143 	414.202
0.01975 	414.202
0.0197857 	415.599
0.0198214 	415.599
0.0198571 	414.728
0.0198929 	414.728
0.0199286 	414.381
0.0199643 	414.381
0.02 	414.236
0.0200357 	414.236
0.0200714 	413.214
0.0201071 	413.214
0.0201429 	413.791
0.0201786 	413.791
0.0202143 	411.08
0.02025 	411.08
0.0202857 	413.044
0.0203214 	413.044
0.0203571 	412.475
0.0203929 	412.475
0.0204286 	412.369
0.0204643 	412.369
0.0205 	411.723
0.0205357 	411.723
0.0205714 	411.611
0.0206071 	411.611
0.0206429 	410.9
0.0206786 	410.9
0.0207143 	408.722
0.02075 	408.722
0.0207857 	410.127
0.0208214 	410.127
0.0208571 	409.318
0.0208929 	409.318
0.0209286 	409.11
0.0209643 	409.11
0.021 	408.996
0.0210357 	408.996
0.0210714 	408.094
0.0211071 	408.094
0.0211429 	408.664
0.0211786 	408.664
0.0212143 	406.17
0.02125 	406.17
0.0212857 	408.056
0.0213214 	408.056
0.0213571 	407.594
0.0213929 	407.594
0.0214286 	407.51
0.0214643 	407.51
0.0215 	406.981
0.0215357 	406.981
0.0215714 	406.884
0.0216071 	406.884
0.0216429 	406.295
0.0216786 	406.295
0.0217143 	404.234
0.02175 	404.234
0.0217857 	405.643
0.0218214 	405.643
0.0218571 	404.884
0.0218929 	404.884
0.0219286 	404.755
0.0219643 	404.755
0.022 	404.656
0.0220357 	404.656
0.0220714 	403.847
0.0221071 	403.847
0.0221429 	404.406
0.0221786 	404.406
0.0222143 	402.095
0.02225 	402.095
0.0222857 	403.914
0.0223214 	403.914
0.0223571 	403.53
0.0223929 	403.53
0.0224286 	403.463
0.0224643 	403.463
0.0225 	403.014
0.0225357 	403.014
0.0225714 	402.924
0.0226071 	402.924
0.0226429 	402.42
0.0226786 	402.42
0.0227143 	400.453
0.02275 	400.453
0.0227857 	401.855
0.0228214 	401.855
0.0228571 	401.129
0.0228929 	401.129
0.0229286 	401.077
0.0229643 	401.077
0.023 	400.996
0.0230357 	400.996
0.0230714 	400.258
0.0231071 	400.258
0.0231429 	400.804
0.0231786 	400.804
0.0232143 	398.634
0.02325 	398.634
0.0232857 	400.394
0.0233214 	400.394
0.0233571 	400.07
0.0233929 	400.07
0.0234286 	400.014
0.0234643 	400.014
0.0235 	399.63
0.0235357 	399.63
0.0235714 	399.553
0.0236071 	399.553
0.0236429 	399.114
0.0236786 	399.114
0.0237143 	397.224
0.02375 	397.224
0.0237857 	398.615
0.0238214 	398.615
0.0238571 	397.93
0.0238929 	397.93
0.0239286 	397.923
0.0239643 	397.923
0.024 	397.852
0.0240357 	397.852
0.0240714 	397.172
0.0241071 	397.172
0.0241429 	397.707
0.0241786 	397.707
0.0242143 	395.662
0.02425 	395.662
0.0242857 	397.375
0.0243214 	397.375
0.0243571 	397.103
0.0243929 	397.103
0.0244286 	397.059
0.0244643 	397.059
0.0245 	396.73
0.0245357 	396.73
0.0245714 	396.658
0.0246071 	396.658
0.0246429 	396.271
0.0246786 	396.271
0.0247143 	394.447
0.02475 	394.447
0.0247857 	395.823
0.0248214 	395.823
0.0248571 	395.167
0.0248929 	395.167
0.0249286 	395.209
0.0249643 	395.209
0.025 	395.147
0.0250357 	395.147
0.0250714 	394.514
0.0251071 	394.514
0.0251429 	395.037
0.0251786 	395.037
0.0252143 	393.081
0.02525 	393.081
0.0252857 	394.752
0.0253214 	394.752
0.0253571 	394.522
0.0253929 	394.522
0.0254286 	394.485
0.0254643 	394.485
0.0255 	394.202
0.0255357 	394.202
0.0255714 	394.135
0.0256071 	394.135
0.0256429 	393.793
0.0256786 	393.793
0.0257143 	391.965
0.02575 	391.965
0.0257857 	393.326
0.0258214 	393.326
0.0258571 	392.695
0.0258929 	392.695
0.0259286 	392.76
0.0259643 	392.76
0.026 	392.703
0.0260357 	392.703
0.0260714 	392.115
0.0261071 	392.115
0.0261429 	392.632
0.0261786 	392.632
0.0262143 	390.769
0.02625 	390.769
0.0262857 	392.396
0.0263214 	392.396
0.0263571 	392.192
0.0263929 	392.192
0.0264286 	392.157
0.0264643 	392.157
0.0265 	391.9
0.0265357 	391.9
0.0265714 	391.837
0.0266071 	391.837
0.0266429 	391.529
0.0266786 	391.529
0.0267143 	389.818
0.02675 	389.818
0.0267857 	391.165
0.0268214 	391.165
0.0268571 	390.556
0.0268929 	390.556
0.0269286 	390.66
0.0269643 	390.66
0.027 	390.613
0.0270357 	390.613
0.0270714 	390.061
0.0271071 	390.061
0.0271429 	390.568
0.0271786 	390.568
0.0272143 	388.776
0.02725 	388.776
0.0272857 	390.367
0.0273214 	390.367
0.0273571 	390.193
0.0273929 	390.193
0.0274286 	390.169
0.0274643 	390.169
0.0275 	389.946
0.0275357 	389.946
0.0275714 	389.887
0.0276071 	389.887
0.0276429 	389.613
0.0276786 	389.613
0.0277143 	387.943
0.02775 	387.943
0.0277857 	389.28
0.0278214 	389.28
0.0278571 	388.686
0.0278929 	388.686
0.0279286 	388.805
0.0279643 	388.805
0.028 	388.762
0.0280357 	388.762
0.0280714 	388.238
0.0281071 	388.238
0.0281429 	388.742
0.0281786 	388.742
0.0282143 	387.015
0.02825 	387.015
0.0282857 	388.573
0.0283214 	388.573
0.0283571 	388.421
0.0283929 	388.421
0.0284286 	388.402
0.0284643 	388.402
0.0285 	388.201
0.0285357 	388.201
0.0285714 	388.147
0.0286071 	388.147
0.0286429 	387.897
0.0286786 	387.897
0.0287143 	386.267
0.02875 	386.267
0.0287857 	387.591
0.0288214 	387.591
0.0288571 	387.016
0.0288929 	387.016
0.0289286 	387.161
0.0289643 	387.161
0.029 	387.12
0.0290357 	387.12
0.0290714 	386.619
0.0291071 	386.619
0.0291429 	387.11
0.0291786 	387.11
0.0292143 	385.43
0.02925 	385.43
0.0292857 	386.96
0.0293214 	386.96
0.0293571 	386.831
0.0293929 	386.831
0.0294286 	386.813
0.0294643 	386.813
0.0295 	386.639
0.0295357 	386.639
0.0295714 	386.587
0.0296071 	386.587
0.0296429 	386.362
0.0296786 	386.362
0.0297143 	384.768
0.02975 	384.768
0.0297857 	386.084
0.0298214 	386.084
0.0298571 	385.523
0.0298929 	385.523
0.0299286 	385.673
0.0299643 	385.673
0.03 	385.634
0.0300357 	385.634
0.0300714 	385.158
0.0301071 	385.158
0.0301429 	385.646
0.0301786 	385.646
0.0302143 	384.022
0.03025 	384.022
0.0302857 	385.528
0.0303214 	385.528
0.0303571 	385.415
0.0303928 	385.415
0.0304286 	385.402
0.0304643 	385.402
0.0305 	385.239
0.0305357 	385.239
0.0305714 	385.19
0.0306071 	385.19
0.0306429 	384.984
0.0306786 	384.984
0.0307143 	383.42
0.03075 	383.42
0.0307857 	384.725
0.0308214 	384.725
0.0308571 	384.171
0.0308928 	384.171
0.0309286 	384.343
0.0309643 	384.343
0.031 	384.314
0.0310357 	384.314
0.0310714 	383.859
0.0311072 	383.859
0.0311429 	384.339
0.0311786 	384.339
0.0312143 	382.755
0.03125 	382.755
0.0312857 	384.239
0.0313214 	384.239
0.0313571 	384.14
0.0313928 	384.14
0.0314286 	384.132
0.0314643 	384.132
0.0315 	383.99
0.0315357 	383.99
0.0315714 	383.941
0.0316072 	383.941
0.0316429 	383.752
0.0316786 	383.752
0.0317143 	382.213
0.03175 	382.213
0.0317857 	383.507
0.0318214 	383.507
0.0318571 	382.971
0.0318929 	382.971
0.0319286 	383.147
0.0319643 	383.147
0.032 	383.019
0.0320357 	383.019
0.0320714 	382.582
0.0321072 	382.582
0.0321429 	383.155
0.0321786 	383.155
0.0322143 	381.616
0.03225 	381.616
0.0322857 	382.983
0.0323214 	382.983
0.0323571 	382.901
0.0323929 	382.901
0.0324286 	382.995
0.0324643 	382.995
0.0325 	382.864
0.0325357 	382.864
0.0325714 	382.736
0.0326072 	382.736
0.0326429 	382.516
0.0326786 	382.516
0.0327143 	379.938
0.03275 	379.938
0.0327857 	381.116
0.0328214 	381.116
0.0328571 	381.763
0.0328929 	381.763
0.0329286 	381.96
0.0329643 	381.96
0.033 	380.794
0.0330357 	380.794
0.0330714 	380.309
0.0331072 	380.309
0.0331429 	380.752
0.0331786 	380.752
0.0332143 	379.291
0.03325 	379.291
0.0332857 	380.702
0.0333214 	380.702
0.0333571 	380.54
0.0333929 	380.54
0.0334286 	379.095
0.0334643 	379.095
0.0335 	378.834
0.0335357 	378.834
0.0335714 	378.847
0.0336072 	378.847
0.0336429 	378.601
0.0336786 	378.601
0.0337143 	377.096
0.03375 	377.096
0.0337857 	378.184
0.0338214 	378.184
0.0338571 	380.491
0.0338929 	380.491
0.0339286 	380.688
0.0339643 	380.688
0.034 	377.876
0.0340357 	377.876
0.0340714 	377.3
0.0341072 	377.3
0.0341429 	377.722
0.0341786 	377.722
0.0342143 	376.401
0.03425 	376.401
0.0342857 	379.015
0.0343214 	379.015
0.0343571 	378.875
0.0343929 	378.875
0.0344286 	377.648
0.0344643 	377.648
0.0345 	377.438
0.0345357 	377.438
0.0345714 	378.728
0.0346072 	378.728
0.0346429 	378.364
0.0346786 	378.364
0.0347143 	371.856
0.03475 	371.856
0.0347857 	372.546
0.0348214 	372.546
0.0348571 	377.651
0.0348929 	377.651
0.0349286 	377.822
0.0349643 	377.822
0.035 	372.454
0.0350357 	372.454
0.0350714 	371.991
0.0351072 	371.991
0.0351429 	376.419
0.0351786 	376.419
0.0352143 	375.037
0.03525 	375.037
0.0352857 	372.333
0.0353214 	372.333
0.0353571 	372.021
0.0353929 	372.021
0.0354286 	372.084
0.0354643 	372.084
0.0355 	371.847
0.0355357 	371.847
0.0355714 	371.956
0.0356072 	371.956
0.0356429 	371.716
0.0356786 	371.716
0.0357143 	370.678
0.03575 	370.678
0.0357857 	371.526
0.0358214 	371.526
0.0358571 	378.574
0.0358929 	378.574
0.0359286 	378.838
0.0359643 	378.838
0.036 	371.485
0.0360357 	371.485
0.0360714 	370.879
0.0361072 	370.879
0.0361429 	371.149
0.0361786 	371.149
0.0362143 	370.053
0.03625 	370.053
0.0362857 	371.508
0.0363214 	371.508
0.0363571 	371.272
0.0363929 	371.272
0.0364286 	371.151
0.0364643 	371.151
0.0365 	370.935
0.0365357 	370.935
0.0365714 	371.218
0.0366072 	371.218
0.0366429 	370.911
0.0366786 	370.911
0.0367143 	369.722
0.03675 	369.722
0.0367857 	370.474
0.0368214 	370.474
0.0368571 	375.742
0.0368929 	375.742
0.0369286 	376.164
0.0369643 	376.164
0.037 	370.359
0.0370357 	370.359
0.0370714 	369.85
0.0371072 	369.85
0.0371429 	370.074
0.0371786 	370.074
0.0372143 	369.044
0.03725 	369.044
0.0372857 	370.101
0.0373214 	370.101
0.0373571 	370.085
0.0373929 	370.085
0.0374286 	368.601
0.0374643 	368.601
0.0375 	377.917
0.0375357 	377.917
0.0375714 	372.791
0.0376072 	372.791
0.0376429 	380.621
0.0376786 	380.621
0.0377143 	375.896
0.03775 	375.896
0.0377857 	377.097
0.0378214 	377.097
0.0378571 	376.543
0.0378929 	376.543
0.0379286 	376.799
0.0379643 	376.799
0.038 	376.569
0.0380357 	376.569
0.0380714 	376.246
0.0381072 	376.246
0.0381429 	376.641
0.0381786 	376.641
0.0382143 	375.282
0.03825 	375.282
0.0382857 	375.722
0.0383214 	375.722
0.0383571 	376.936
0.0383929 	376.936
0.0384286 	375.387
0.0384643 	375.387
0.0385 	376.466
0.0385357 	376.466
0.0385714 	376.443
0.0386071 	376.443
0.0386429 	376.441
0.0386786 	376.441
0.0387143 	375.085
0.03875 	375.085
0.0387857 	376.305
0.0388214 	376.305
0.0388571 	375.515
0.0388929 	375.515
0.0389286 	376.288
0.0389643 	376.288
0.039 	376.036
0.0390357 	376.036
0.0390714 	375.624
0.0391072 	375.624
0.0391429 	375.885
0.0391786 	375.885
0.0392143 	374.665
0.03925 	374.665
0.0392857 	376.075
0.0393214 	376.075
0.0393571 	376.154
0.0393929 	376.154
0.0394286 	376.041
0.0394643 	376.041
0.0395 	377.216
0.0395357 	377.216
0.0395714 	375.97
0.0396072 	375.97
0.0396429 	373.844
0.0396786 	373.844
0.0397143 	371.99
0.03975 	371.99
0.0397857 	369.679
0.0398214 	369.679
0.0398571 	371.487
0.0398929 	371.487
0.0399286 	370.601
