2.91168e-22 	309.815
0.00014285 	309.815
0.0002857 	316.116
0.00035715 	316.116
0.0004286 	323.295
0.0004643 	323.295
0.0005 	323.66
0.0005357 	323.66
0.0005714 	323.642
0.00060715 	323.642
0.0006429 	323.636
0.0006786 	323.636
0.0007143 	317.287
0.0007857 	317.287
0.0008571 	323.508
0.00089285 	323.508
0.0009286 	323.617
0.0009643 	323.617
0.001 	323.616
0.0010357 	323.616
0.0010714 	323.553
0.00110715 	323.553
0.0011429 	317.723
0.0012143 	317.723
0.0012857 	323.724
0.0013214 	323.724
0.0013571 	323.773
0.00139285 	323.773
0.0014286 	323.781
0.0014643 	323.781
0.0015 	323.805
0.0015357 	323.805
0.0015714 	323.795
0.00160715 	323.795
0.0016429 	323.782
0.0016786 	323.782
0.0017143 	317.24
0.0017857 	317.24
0.0018571 	317.384
0.00192855 	317.384
0.002 	317.399
0.00207145 	317.399
0.0021429 	317.35
0.0022143 	317.35
0.0022857 	323.762
0.0023214 	323.762
0.0023571 	323.817
0.00239285 	323.817
0.0024286 	323.821
0.0024643 	323.821
0.0025 	323.843
0.0025357 	323.843
0.0025714 	323.834
0.00260715 	323.834
0.0026429 	323.83
0.0026786 	323.83
0.0027143 	317.481
0.0027857 	317.481
0.0028571 	323.701
0.00289285 	323.701
0.0029286 	323.812
0.0029643 	323.812
0.003 	323.812
0.0030357 	323.812
0.0030714 	323.755
0.00310715 	323.755
0.0031429 	317.448
0.0032143 	317.448
0.0032857 	323.927
0.0033214 	323.927
0.0033571 	323.977
0.00339285 	323.977
0.0034286 	323.983
0.0034643 	323.983
0.0035 	324.008
0.0035357 	324.008
0.0035714 	324.001
0.00360715 	324.001
0.0036429 	324.003
0.0036786 	324.003
0.0037143 	323.619
0.00375 	323.619
0.0037857 	323.988
0.0038214 	323.988
0.0038571 	323.874
0.00389285 	323.874
0.0039286 	323.981
0.0039643 	323.981
0.004 	323.981
0.0040357 	323.981
0.0040714 	323.924
0.00410715 	323.924
0.0041429 	324.039
0.0041786 	324.039
0.0042143 	323.716
0.00425 	323.716
0.0042857 	324.1
0.0043214 	324.1
0.0043571 	324.149
0.00439285 	324.149
0.0044286 	324.156
0.0044643 	324.156
0.0045 	324.181
0.0045357 	324.181
0.0045714 	324.173
0.00460715 	324.173
0.0046429 	324.176
0.0046786 	324.176
0.0047143 	323.788
0.00475 	323.788
0.0047857 	324.161
0.0048214 	324.161
0.0048571 	324.044
0.00489285 	324.044
0.0049286 	324.152
0.0049643 	324.152
0.005 	324.151
0.0050357 	324.151
0.0050714 	324.092
0.00510715 	324.092
0.0051429 	324.205
0.0051786 	324.205
0.0052143 	323.878
0.00525 	323.878
0.0052857 	324.271
0.0053214 	324.271
0.0053571 	324.32
0.00539285 	324.32
0.0054286 	324.325
0.0054643 	324.325
0.0055 	324.352
0.0055357 	324.352
0.0055714 	324.341
0.00560715 	324.341
0.0056429 	324.338
0.0056786 	324.338
0.0057143 	317.72
0.0057857 	317.72
0.0058571 	324.208
0.00589285 	324.208
0.0059286 	324.319
0.0059643 	324.319
0.006 	324.182
0.0060357 	324.182
0.0060714 	324.121
0.00610715 	324.121
0.0061429 	324.232
0.0061786 	324.232
0.0062143 	323.91
0.00625 	323.91
0.0062857 	324.297
0.0063214 	324.297
0.0063571 	324.348
0.00639285 	324.348
0.0064286 	324.354
0.0064643 	324.354
0.0065 	324.382
0.0065357 	324.382
0.0065714 	324.375
0.00660715 	324.375
0.0066429 	324.381
0.0066786 	324.381
0.0067143 	323.992
0.00675 	323.992
0.0067857 	324.369
0.0068214 	324.369
0.0068571 	324.256
0.00689285 	324.256
0.0069286 	324.365
0.0069643 	324.365
0.007 	324.364
0.0070357 	324.364
0.0070714 	324.307
0.00710715 	324.307
0.0071429 	324.419
0.0071786 	324.419
0.0072143 	324.093
0.00725 	324.093
0.0072857 	324.484
0.0073214 	324.484
0.0073571 	324.534
0.00739285 	324.534
0.0074286 	324.539
0.0074643 	324.539
0.0075 	324.565
0.0075357 	324.565
0.0075714 	324.555
0.00760715 	324.555
0.0076429 	324.559
0.0076786 	324.559
0.0077143 	324.164
0.00775 	324.164
0.0077857 	324.548
0.0078214 	324.548
0.0078571 	324.435
0.00789285 	324.435
0.0079286 	324.548
0.0079643 	324.548
0.008 	324.547
0.0080357 	324.547
0.0080714 	324.49
0.00810715 	324.49
0.0081429 	324.603
0.0081786 	324.603
0.0082143 	324.274
0.00825 	324.274
0.0082857 	324.668
0.0083214 	324.668
0.0083571 	324.719
0.00839285 	324.719
0.0084286 	324.725
0.0084643 	324.725
0.0085 	324.752
0.0085357 	324.752
0.0085714 	324.742
0.00860715 	324.742
0.0086429 	324.748
0.0086786 	324.748
0.0087143 	324.35
0.00875 	324.35
0.0087857 	324.736
0.0088214 	324.736
0.0088571 	324.62
0.00889285 	324.62
0.0089286 	324.733
0.0089643 	324.733
0.009 	324.732
0.0090357 	324.732
0.0090714 	324.675
0.00910715 	324.675
0.0091429 	324.786
0.0091786 	324.786
0.0092143 	324.459
0.00925 	324.459
0.0092857 	324.991
0.0093214 	324.991
0.0093571 	325.046
0.00939285 	325.046
0.0094286 	325.052
0.0094643 	325.052
0.0095 	325.076
0.0095357 	325.076
0.0095714 	324.938
0.00960715 	324.938
0.0096429 	324.934
0.0096786 	324.934
0.0097143 	324.362
0.00975 	324.362
0.0097857 	324.737
0.0098214 	324.737
0.0098571 	324.623
0.00989285 	324.623
0.0099286 	324.735
0.0099643 	324.735
0.01 	324.734
0.0100357 	324.734
0.0100714 	324.681
0.0101071 	324.681
0.0101429 	324.79
0.0101786 	324.79
0.0102143 	324.465
0.01025 	324.465
0.0102857 	324.859
0.0103214 	324.859
0.0103571 	324.914
0.0103929 	324.914
0.0104286 	324.919
0.0104643 	324.919
0.0105 	324.95
0.0105357 	324.95
0.0105714 	324.94
0.0106071 	324.94
0.0106429 	324.949
0.0106786 	324.949
0.0107143 	324.545
0.01075 	324.545
0.0107857 	324.934
0.0108214 	324.934
0.0108571 	324.955
0.0108929 	324.955
0.0109286 	325.074
0.0109643 	325.074
0.011 	325.073
0.0110357 	325.073
0.0110714 	325.009
0.0111071 	325.009
0.0111429 	324.986
0.0111786 	324.986
0.0112143 	324.659
0.01125 	324.659
0.0112857 	325.239
0.0113214 	325.239
0.0113571 	325.298
0.0113929 	325.298
0.0114286 	325.303
0.0114643 	325.303
0.0115 	325.335
0.0115357 	325.335
0.0115714 	325.326
0.0116071 	325.326
0.0116429 	325.333
0.0116786 	325.333
0.0117143 	324.923
0.01175 	324.923
0.0117857 	325.325
0.0118214 	325.325
0.0118571 	325.202
0.0118929 	325.202
0.0119286 	325.319
0.0119643 	325.319
0.012 	325.317
0.0120357 	325.317
0.0120714 	325.261
0.0121071 	325.261
0.0121429 	325.384
0.0121786 	325.384
0.0122143 	325.04
0.01225 	325.04
0.0122857 	325.452
0.0123214 	325.452
0.0123571 	325.506
0.0123929 	325.506
0.0124286 	325.511
0.0124643 	325.511
0.0125 	325.543
0.0125357 	325.543
0.0125714 	325.534
0.0126071 	325.534
0.0126429 	325.544
0.0126786 	325.544
0.0127143 	325.129
0.01275 	325.129
0.0127857 	325.536
0.0128214 	325.536
0.0128571 	325.409
0.0128929 	325.409
0.0129286 	325.528
0.0129643 	325.528
0.013 	325.527
0.0130357 	325.527
0.0130714 	325.463
0.0131071 	325.463
0.0131429 	325.404
0.0131786 	325.404
0.0132143 	325.062
0.01325 	325.062
0.0132857 	325.469
0.0133214 	325.469
0.0133571 	325.525
0.0133929 	325.525
0.0134286 	325.529
0.0134643 	325.529
0.0135 	325.565
0.0135357 	325.565
0.0135714 	325.554
0.0136071 	325.554
0.0136429 	325.565
0.0136786 	325.565
0.0137143 	325.159
0.01375 	325.159
0.0137857 	325.563
0.0138214 	325.563
0.0138571 	325.441
0.0138929 	325.441
0.0139286 	325.561
0.0139643 	325.561
0.014 	325.56
0.0140357 	325.56
0.0140714 	325.507
0.0141071 	325.507
0.0141429 	325.628
0.0141786 	325.628
0.0142143 	325.289
0.01425 	325.289
0.0142857 	325.7
0.0143214 	325.7
0.0143571 	325.759
0.0143929 	325.759
0.0144286 	325.764
0.0144643 	325.764
0.0145 	325.81
0.0145357 	325.81
0.0145714 	326.183
0.0146071 	326.183
0.0146429 	326.202
0.0146786 	326.202
0.0147143 	325.771
0.01475 	325.771
0.0147857 	326.199
0.0148214 	326.199
0.0148571 	326.064
0.0148929 	326.064
0.0149286 	326.187
0.0149643 	326.187
0.015 	326.188
0.0150357 	326.188
0.0150714 	326.107
0.0151071 	326.107
0.0151429 	325.86
0.0151786 	325.86
0.0152143 	325.515
0.01525 	325.515
0.0152857 	326.227
0.0153214 	326.227
0.0153571 	326.292
0.0153929 	326.292
0.0154286 	326.409
0.0154643 	326.409
0.0155 	326.441
0.0155357 	326.441
0.0155714 	326.43
0.0156071 	326.43
0.0156429 	326.437
0.0156786 	326.437
0.0157143 	326.024
0.01575 	326.024
0.0157857 	383.477
0.0158214 	383.477
0.0158571 	416.443
0.0158929 	416.443
0.0159286 	695.62
0.0159643 	695.62
0.016 	736.191
0.0160357 	736.191
0.0160714 	783.107
0.0161071 	783.107
0.0161429 	775.678
0.0161786 	775.678
0.0162143 	694.507
0.01625 	694.507
0.0162857 	693.199
0.0163214 	693.199
0.0163571 	657.841
0.0163929 	657.841
0.0164286 	650.506
0.0164643 	650.506
0.0165 	618.819
0.0165357 	618.819
0.0165714 	615.691
0.0166071 	615.691
0.0166429 	593.156
0.0166786 	593.156
0.0167143 	582.906
0.01675 	582.906
0.0167857 	573.388
0.0168214 	573.388
0.0168571 	568.86
0.0168929 	568.86
0.0169286 	554.435
0.0169643 	554.435
0.017 	551.866
0.0170357 	551.866
0.0170714 	542.022
0.0171071 	542.022
0.0171429 	541.445
0.0171786 	541.445
0.0172143 	526.32
0.01725 	526.32
0.0172857 	529.162
0.0173214 	529.162
0.0173571 	521.907
0.0173929 	521.907
0.0174286 	520.279
0.0174643 	520.279
0.0175 	512.853
0.0175357 	512.853
0.0175714 	511.989
0.0176071 	511.989
0.0176429 	505.264
0.0176786 	505.264
0.0177143 	499.983
0.01775 	499.983
0.0177857 	498.911
0.0178214 	498.911
0.0178571 	496.644
0.0178929 	496.644
0.0179286 	491.733
0.0179643 	491.733
0.018 	490.769
0.0180357 	490.769
0.0180714 	486.46
0.0181071 	486.46
0.0181429 	486.777
0.0181786 	486.777
0.0182143 	478.867
0.01825 	478.867
0.0182857 	481.62
0.0183214 	481.62
0.0183571 	478.272
0.0183929 	478.272
0.0184286 	477.531
0.0184643 	477.531
0.0185 	473.996
0.0185357 	473.996
0.0185714 	473.545
0.0186071 	473.545
0.0186429 	470.096
0.0186786 	470.096
0.0187143 	466.185
0.01875 	466.185
0.0187857 	466.726
0.0188214 	466.726
0.0188571 	465.118
0.0188929 	465.118
0.0189286 	462.684
0.0189643 	462.684
0.019 	462.152
0.0190357 	462.152
0.0190714 	459.488
0.0191071 	459.488
0.0191429 	460.007
0.0191786 	460.007
0.0192143 	454.52
0.01925 	454.52
0.0192857 	457.066
0.0193214 	457.066
0.0193571 	455.067
0.0193929 	455.067
0.0194286 	454.633
0.0194643 	454.633
0.0195 	452.486
0.0195357 	452.486
0.0195714 	452.191
0.0196071 	452.191
0.0196429 	450.021
0.0196786 	450.021
0.0197143 	446.771
0.01975 	446.771
0.0197857 	447.838
0.0198214 	447.838
0.0198571 	446.542
0.0198929 	446.542
0.0199286 	445.117
0.0199643 	445.117
0.02 	444.768
0.0200357 	444.768
0.0200714 	442.847
0.0201071 	442.847
0.0201429 	443.429
0.0201786 	443.429
0.0202143 	439.138
0.02025 	439.138
0.0202857 	441.51
0.0203214 	441.51
0.0203571 	440.157
0.0203929 	440.157
0.0204286 	439.872
0.0204643 	439.872
0.0205 	438.396
0.0205357 	438.396
0.0205714 	438.181
0.0206071 	438.181
0.0206429 	436.647
0.0206786 	436.647
0.0207143 	433.79
0.02075 	433.79
0.0207857 	435.073
0.0208214 	435.073
0.0208571 	433.961
0.0208929 	433.961
0.0209286 	433.082
0.0209643 	433.082
0.021 	432.837
0.0210357 	432.837
0.0210714 	431.333
0.0211071 	431.333
0.0211429 	431.935
0.0211786 	431.935
0.0212143 	428.333
0.02125 	428.333
0.0212857 	430.561
0.0213214 	430.561
0.0213571 	429.577
0.0213929 	429.577
0.0214286 	429.374
0.0214643 	429.374
0.0215 	428.292
0.0215357 	428.292
0.0215714 	428.124
0.0216071 	428.124
0.0216429 	426.979
0.0216786 	426.979
0.0217143 	424.395
0.02175 	424.395
0.0217857 	425.78
0.0218214 	425.78
0.0218571 	424.791
0.0218929 	424.791
0.0219286 	424.212
0.0219643 	424.212
0.022 	424.022
0.0220357 	424.022
0.0220714 	422.781
0.0221071 	422.781
0.0221429 	423.383
0.0221786 	423.383
0.0222143 	420.247
0.02225 	420.247
0.0222857 	422.359
0.0223214 	422.359
0.0223571 	421.605
0.0223929 	421.605
0.0224286 	421.456
0.0224643 	421.456
0.0225 	420.613
0.0225357 	420.613
0.0225714 	420.473
0.0226071 	420.473
0.0226429 	419.572
0.0226786 	419.572
0.0227143 	417.183
0.02275 	417.183
0.0227857 	418.612
0.0228214 	418.612
0.0228571 	417.704
0.0228929 	417.704
0.0229286 	417.338
0.0229643 	417.338
0.023 	417.191
0.0230357 	417.191
0.0230714 	416.129
0.0231071 	416.129
0.0231429 	416.722
0.0231786 	416.722
0.0232143 	413.909
0.02325 	413.909
0.0232857 	415.923
0.0233214 	415.923
0.0233571 	415.326
0.0233929 	415.326
0.0234286 	415.21
0.0234643 	415.21
0.0235 	414.536
0.0235357 	414.536
0.0235714 	414.421
0.0236071 	414.421
0.0236429 	413.686
0.0236786 	413.686
0.0237143 	411.447
0.02375 	411.447
0.0237857 	412.891
0.0238214 	412.891
0.0238571 	412.057
0.0238929 	412.057
0.0239286 	411.82
0.0239643 	411.82
0.024 	411.699
0.0240357 	411.699
0.0240714 	410.767
0.0241071 	410.767
0.0241429 	411.35
0.0241786 	411.35
0.0242143 	408.788
0.02425 	408.788
0.0242857 	410.726
0.0243214 	410.726
0.0243571 	410.246
0.0243929 	410.246
0.0244286 	410.157
0.0244643 	410.157
0.0245 	409.606
0.0245357 	409.606
0.0245714 	409.505
0.0246071 	409.505
0.0246429 	408.89
0.0246786 	408.89
0.0247143 	406.769
0.02475 	406.769
0.0247857 	408.213
0.0248214 	408.213
0.0248571 	407.43
0.0248929 	407.43
0.0249286 	407.303
0.0249643 	407.303
0.025 	407.203
0.0250357 	407.203
0.0250714 	406.368
0.0251071 	406.368
0.0251429 	406.939
0.0251786 	406.939
0.0252143 	404.556
0.02525 	404.556
0.0252857 	406.425
0.0253214 	406.425
0.0253571 	406.032
0.0253929 	406.032
0.0254286 	405.96
0.0254643 	405.96
0.0255 	405.504
0.0255357 	405.504
0.0255714 	405.414
0.0256071 	405.414
0.0256429 	404.894
0.0256786 	404.894
0.0257143 	402.814
0.02575 	402.814
0.0257857 	404.251
0.0258214 	404.251
0.0258571 	403.512
0.0258929 	403.512
0.0259286 	403.446
0.0259643 	403.446
0.026 	403.358
0.0260357 	403.358
0.0260714 	402.605
0.0261071 	402.605
0.0261429 	403.167
0.0261786 	403.167
0.0262143 	400.944
0.02625 	400.944
0.0262857 	402.752
0.0263214 	402.752
0.0263571 	402.418
0.0263929 	402.418
0.0264286 	402.355
0.0264643 	402.355
0.0265 	401.958
0.0265357 	401.958
0.0265714 	401.876
0.0266071 	401.876
0.0266429 	401.425
0.0266786 	401.425
0.0267143 	399.488
0.02675 	399.488
0.0267857 	400.914
0.0268214 	400.914
0.0268571 	400.211
0.0268929 	400.211
0.0269286 	400.215
0.0269643 	400.215
0.027 	400.145
0.0270357 	400.145
0.0270714 	399.455
0.0271071 	399.455
0.0271429 	400.005
0.0271786 	400.005
0.0272143 	397.903
0.02725 	397.903
0.0272857 	399.659
0.0273214 	399.659
0.0273571 	399.378
0.0273929 	399.378
0.0274286 	399.332
0.0274643 	399.332
0.0275 	398.996
0.0275357 	398.996
0.0275714 	398.921
0.0276071 	398.921
0.0276429 	398.53
0.0276786 	398.53
0.0277143 	396.659
0.02775 	396.659
0.0277857 	398.077
0.0278214 	398.077
0.0278571 	397.401
0.0278929 	397.401
0.0279286 	397.44
0.0279643 	397.44
0.028 	397.377
0.0280357 	397.377
0.0280714 	396.737
0.0281071 	396.737
0.0281429 	397.282
0.0281786 	397.282
0.0282143 	395.286
0.02825 	395.286
0.0282857 	396.995
0.0283214 	396.995
0.0283571 	396.756
0.0283929 	396.756
0.0284286 	396.718
0.0284643 	396.718
0.0285 	396.424
0.0285357 	396.424
0.0285714 	396.357
0.0286071 	396.357
0.0286429 	396.01
0.0286786 	396.01
0.0287143 	394.198
0.02875 	394.198
0.0287857 	395.604
0.0288214 	395.604
0.0288571 	394.954
0.0288929 	394.954
0.0289286 	395.038
0.0289643 	395.038
0.029 	394.98
0.0290357 	394.98
0.0290714 	394.379
0.0291071 	394.379
0.0291429 	394.91
0.0291786 	394.91
0.0292143 	392.991
0.02925 	392.991
0.0292857 	394.662
0.0293214 	394.662
0.0293571 	394.459
0.0293929 	394.459
0.0294286 	394.427
0.0294643 	394.427
0.0295 	394.175
0.0295357 	394.175
0.0295714 	394.111
0.0296071 	394.111
0.0296429 	393.807
0.0296786 	393.807
0.0297143 	392.047
0.02975 	392.047
0.0297857 	393.444
0.0298214 	393.444
0.0298571 	392.816
0.0298929 	392.816
0.0299286 	392.916
0.0299643 	392.916
0.03 	392.863
0.0300357 	392.863
0.0300714 	392.301
0.0301071 	392.301
0.0301429 	392.827
0.0301786 	392.827
0.0302143 	390.991
0.03025 	390.991
0.0302857 	392.627
0.0303214 	392.627
0.0303571 	392.452
0.0303928 	392.452
0.0304286 	392.426
0.0304643 	392.426
0.0305 	392.198
0.0305357 	392.198
0.0305714 	392.139
0.0306071 	392.139
0.0306429 	391.866
0.0306786 	391.866
0.0307143 	390.15
0.03075 	390.15
0.0307857 	391.534
0.0308214 	391.534
0.0308571 	390.92
0.0308928 	390.92
0.0309286 	391.053
0.0309643 	391.053
0.031 	391.012
0.0310357 	391.012
0.0310714 	390.481
0.0311072 	390.481
0.0311429 	390.998
0.0311786 	390.998
0.0312143 	389.223
0.03125 	389.223
0.0312857 	390.828
0.0313214 	390.828
0.0313571 	390.677
0.0313928 	390.677
0.0314286 	390.659
0.0314643 	390.659
0.0315 	390.46
0.0315357 	390.46
0.0315714 	390.403
0.0316072 	390.403
0.0316429 	390.157
0.0316786 	390.157
0.0317143 	388.478
0.03175 	388.478
0.0317857 	389.85
0.0318214 	389.85
0.0318571 	389.258
0.0318929 	389.258
0.0319286 	389.403
0.0319643 	389.403
0.032 	389.325
0.0320357 	389.325
0.0320714 	388.821
0.0321072 	388.821
0.0321429 	389.369
0.0321786 	389.369
0.0322143 	387.657
0.03225 	387.657
0.0322857 	389.2
0.0323214 	389.2
0.0323571 	389.074
0.0323929 	389.074
0.0324286 	389.097
0.0324643 	389.097
0.0325 	388.919
0.0325357 	388.919
0.0325714 	388.832
0.0326072 	388.832
0.0326429 	388.563
0.0326786 	388.563
0.0327143 	385.755
0.03275 	385.755
0.0327857 	387.005
0.0328214 	387.005
0.0328571 	387.703
0.0328929 	387.703
0.0329286 	387.878
0.0329643 	387.878
0.033 	386.6
0.0330357 	386.6
0.0330714 	386.055
0.0331072 	386.055
0.0331429 	386.532
0.0331786 	386.532
0.0332143 	384.913
0.03325 	384.913
0.0332857 	386.432
0.0333214 	386.432
0.0333571 	386.231
0.0333929 	386.231
0.0334286 	384.711
0.0334643 	384.711
0.0335 	384.406
0.0335357 	384.406
0.0335714 	384.416
0.0336072 	384.416
0.0336429 	384.123
0.0336786 	384.123
0.0337143 	382.517
0.03375 	382.517
0.0337857 	383.668
0.0338214 	383.668
0.0338571 	386.065
0.0338929 	386.065
0.0339286 	386.242
0.0339643 	386.242
0.034 	383.294
0.0340357 	383.294
0.0340714 	382.662
0.0341072 	382.662
0.0341429 	383.116
0.0341786 	383.116
0.0342143 	381.651
0.03425 	381.651
0.0342857 	384.43
0.0343214 	384.43
0.0343571 	384.253
0.0343929 	384.253
0.0344286 	382.959
0.0344643 	382.959
0.0345 	382.708
0.0345357 	382.708
0.0345714 	384.058
0.0346072 	384.058
0.0346429 	383.656
0.0346786 	383.656
0.0347143 	376.764
0.03475 	376.764
0.0347857 	377.504
0.0348214 	377.504
0.0348571 	382.858
0.0348929 	382.858
0.0349286 	383.014
0.0349643 	383.014
0.035 	377.36
0.0350357 	377.36
0.0350714 	376.849
0.0351072 	376.849
0.0351429 	381.521
0.0351786 	381.521
0.0352143 	380.002
0.03525 	380.002
0.0352857 	377.18
0.0353214 	377.18
0.0353571 	376.839
0.0353929 	376.839
0.0354286 	376.899
0.0354643 	376.899
0.0355 	376.623
0.0355357 	376.623
0.0355714 	376.738
0.0356072 	376.738
0.0356429 	376.461
0.0356786 	376.461
0.0357143 	375.333
0.03575 	375.333
0.0357857 	376.219
0.0358214 	376.219
0.0358571 	383.61
0.0358929 	383.61
0.0359286 	383.867
0.0359643 	383.867
0.036 	376.135
0.0360357 	376.135
0.0360714 	375.493
0.0361072 	375.493
0.0361429 	375.785
0.0361786 	375.785
0.0362143 	374.576
0.03625 	374.576
0.0362857 	376.124
0.0363214 	376.124
0.0363571 	375.853
0.0363929 	375.853
0.0364286 	375.729
0.0364643 	375.729
0.0365 	375.48
0.0365357 	375.48
0.0365714 	375.769
0.0366072 	375.769
0.0366429 	375.427
0.0366786 	375.427
0.0367143 	374.147
0.03675 	374.147
0.0367857 	374.939
0.0368214 	374.939
0.0368571 	380.459
0.0368929 	380.459
0.0369286 	380.886
0.0369643 	380.886
0.037 	374.782
0.0370357 	374.782
0.0370714 	374.237
0.0371072 	374.237
0.0371429 	374.483
0.0371786 	374.483
0.0372143 	373.347
0.03725 	373.347
0.0372857 	374.48
0.0373214 	374.48
0.0373571 	374.446
0.0373929 	374.446
0.0374286 	372.888
0.0374643 	372.888
0.0375 	382.623
0.0375357 	382.623
0.0375714 	377.232
0.0376072 	377.232
0.0376429 	385.432
0.0376786 	385.432
0.0377143 	380.502
0.03775 	380.502
0.0377857 	381.784
0.0378214 	381.784
0.0378571 	381.189
0.0378929 	381.189
0.0379286 	381.444
0.0379643 	381.444
0.038 	381.222
0.0380357 	381.222
0.0380714 	380.864
0.0381072 	380.864
0.0381429 	381.283
0.0381786 	381.283
0.0382143 	379.814
0.03825 	379.814
0.0382857 	380.306
0.0383214 	380.306
0.0383571 	381.57
0.0383929 	381.57
0.0384286 	379.93
0.0384643 	379.93
0.0385 	381.052
0.0385357 	381.052
0.0385714 	381.026
0.0386071 	381.026
0.0386429 	381.008
0.0386786 	381.008
0.0387143 	379.557
0.03875 	379.557
0.0387857 	380.851
0.0388214 	380.851
0.0388571 	379.996
0.0388929 	379.996
0.0389286 	380.797
0.0389643 	380.797
0.039 	380.529
0.0390357 	380.529
0.0390714 	380.08
0.0391072 	380.08
0.0391429 	380.37
0.0391786 	380.37
0.0392143 	379.044
0.03925 	379.044
0.0392857 	380.54
0.0393214 	380.54
0.0393571 	380.607
0.0393929 	380.607
0.0394286 	380.477
0.0394643 	380.477
0.0395 	381.704
0.0395357 	381.704
0.0395714 	380.4
0.0396072 	380.4
0.0396429 	378.15
0.0396786 	378.15
0.0397143 	376.174
0.03975 	376.174
0.0397857 	373.652
0.0398214 	373.652
0.0398571 	375.434
0.0398929 	375.434
0.0399286 	374.057
