7.27919e-23 	339.282
3.57e-05 	339.282
7.14e-05 	338.695
0.00010715 	338.695
0.0001429 	339.001
0.0001786 	339.001
0.0002143 	339.605
0.00025 	339.605
0.0002857 	341.277
0.0003214 	341.277
0.0003571 	349.171
0.00039285 	349.171
0.0004286 	349.689
0.0004643 	349.689
0.0005 	350.775
0.0005357 	350.775
0.0005714 	350.779
0.00060715 	350.779
0.0006429 	350.903
0.0006786 	350.903
0.0007143 	349.987
0.00075 	349.987
0.0007857 	351.031
0.0008214 	351.031
0.0008571 	350.732
0.00089285 	350.732
0.0009286 	351.07
0.0009643 	351.07
0.001 	351.096
0.0010357 	351.096
0.0010714 	351.047
0.00110715 	351.047
0.0011429 	351.403
0.0011786 	351.403
0.0012143 	350.639
0.00125 	350.639
0.0012857 	351.621
0.0013214 	351.621
0.0013571 	351.8
0.00139285 	351.8
0.0014286 	351.833
0.0014643 	351.833
0.0015 	351.992
0.0015357 	351.992
0.0015714 	352.003
0.00160715 	352.003
0.0016429 	352.138
0.0016786 	352.138
0.0017143 	351.2
0.00175 	351.2
0.0017857 	352.278
0.0018214 	352.278
0.0018571 	351.974
0.00189285 	351.974
0.0019286 	352.328
0.0019643 	352.328
0.002 	352.356
0.0020357 	352.356
0.0020714 	352.315
0.00210715 	352.315
0.0021429 	352.678
0.0021786 	352.678
0.0022143 	351.9
0.00225 	351.9
0.0022857 	352.912
0.0023214 	352.912
0.0023571 	353.105
0.00239285 	353.105
0.0024286 	353.14
0.0024643 	353.14
0.0025 	353.308
0.0025357 	353.308
0.0025714 	353.323
0.00260715 	353.323
0.0026429 	353.468
0.0026786 	353.468
0.0027143 	352.505
0.00275 	352.505
0.0027857 	353.617
0.0028214 	353.617
0.0028571 	353.307
0.00289285 	353.307
0.0029286 	353.678
0.0029643 	353.678
0.003 	353.709
0.0030357 	353.709
0.0030714 	353.685
0.00310715 	353.685
0.0031429 	354.067
0.0031786 	354.067
0.0032143 	353.274
0.00325 	353.274
0.0032857 	354.318
0.0033214 	354.318
0.0033571 	354.524
0.00339285 	354.524
0.0034286 	354.562
0.0034643 	354.562
0.0035 	354.746
0.0035357 	354.746
0.0035714 	354.765
0.00360715 	354.765
0.0036429 	354.925
0.0036786 	354.925
0.0037143 	353.937
0.00375 	353.937
0.0037857 	355.097
0.0038214 	355.097
0.0038571 	354.775
0.00389285 	354.775
0.0039286 	355.163
0.0039643 	355.163
0.004 	355.198
0.0040357 	355.198
0.0040714 	355.178
0.00410715 	355.178
0.0041429 	355.573
0.0041786 	355.573
0.0042143 	354.764
0.00425 	354.764
0.0042857 	355.838
0.0043214 	355.838
0.0043571 	356.06
0.00439285 	356.06
0.0044286 	356.1
0.0044643 	356.1
0.0045 	356.298
0.0045357 	356.298
0.0045714 	356.322
0.00460715 	356.322
0.0046429 	356.495
0.0046786 	356.495
0.0047143 	355.479
0.00475 	355.479
0.0047857 	356.687
0.0048214 	356.687
0.0048571 	356.354
0.00489285 	356.354
0.0049286 	356.761
0.0049643 	356.761
0.005 	356.797
0.0050357 	356.797
0.0050714 	356.787
0.00510715 	356.787
0.0051429 	357.195
0.0051786 	357.195
0.0052143 	356.368
0.00525 	356.368
0.0052857 	357.48
0.0053214 	357.48
0.0053571 	357.72
0.00539285 	357.72
0.0054286 	357.762
0.0054643 	357.762
0.0055 	357.98
0.0055357 	357.98
0.0055714 	358
0.00560715 	358
0.0056429 	358.192
0.0056786 	358.192
0.0057143 	357.146
0.00575 	357.146
0.0057857 	358.412
0.0058214 	358.412
0.0058571 	358.073
0.00589285 	358.073
0.0059286 	358.505
0.0059643 	358.505
0.006 	358.545
0.0060357 	358.545
0.0060714 	358.546
0.00610715 	358.546
0.0061429 	358.968
0.0061786 	358.968
0.0062143 	358.123
0.00625 	358.123
0.0062857 	359.274
0.0063214 	359.274
0.0063571 	359.535
0.00639285 	359.535
0.0064286 	359.581
0.0064643 	359.581
0.0065 	359.822
0.0065357 	359.822
0.0065714 	359.852
0.00660715 	359.852
0.0066429 	360.066
0.0066786 	360.066
0.0067143 	358.987
0.00675 	358.987
0.0067857 	360.312
0.0068214 	360.312
0.0068571 	359.967
0.00689285 	359.967
0.0069286 	360.425
0.0069643 	360.425
0.007 	360.47
0.0070357 	360.47
0.0070714 	360.488
0.00710715 	360.488
0.0071429 	360.927
0.0071786 	360.927
0.0072143 	360.063
0.00725 	360.063
0.0072857 	361.258
0.0073214 	361.258
0.0073571 	361.543
0.00739285 	361.543
0.0074286 	361.591
0.0074643 	361.591
0.0075 	361.847
0.0075357 	361.847
0.0075714 	361.877
0.00760715 	361.877
0.0076429 	362.107
0.0076786 	362.107
0.0077143 	360.991
0.00775 	360.991
0.0077857 	362.387
0.0078214 	362.387
0.0078571 	362.035
0.00789285 	362.035
0.0079286 	362.525
0.0079643 	362.525
0.008 	362.575
0.0080357 	362.575
0.0080714 	362.615
0.00810715 	362.615
0.0081429 	363.073
0.0081786 	363.073
0.0082143 	362.191
0.00825 	362.191
0.0082857 	363.435
0.0083214 	363.435
0.0083571 	363.748
0.00839285 	363.748
0.0084286 	363.801
0.0084643 	363.801
0.0085 	364.09
0.0085357 	364.09
0.0085714 	364.125
0.00860715 	364.125
0.0086429 	364.386
0.0086786 	364.386
0.0087143 	363.23
0.00875 	363.23
0.0087857 	364.694
0.0088214 	364.694
0.0088571 	364.332
0.00889285 	364.332
0.0089286 	364.853
0.0089643 	364.853
0.009 	364.909
0.0090357 	364.909
0.0090714 	364.975
0.00910715 	364.975
0.0091429 	365.457
0.0091786 	365.457
0.0092143 	364.556
0.00925 	364.556
0.0092857 	365.856
0.0093214 	365.856
0.0093571 	366.205
0.00939285 	366.205
0.0094286 	366.263
0.0094643 	366.263
0.0095 	366.587
0.0095357 	366.587
0.0095714 	366.633
0.00960715 	366.633
0.0096429 	366.926
0.0096786 	366.926
0.0097143 	365.728
0.00975 	365.728
0.0097857 	367.281
0.0098214 	367.281
0.0098571 	366.903
0.00989285 	366.903
0.0099286 	367.465
0.0099643 	367.465
0.01 	367.528
0.0100357 	367.528
0.0100714 	367.624
0.0101071 	367.624
0.0101429 	368.131
0.0101786 	368.131
0.0102143 	367.213
0.01025 	367.213
0.0102857 	368.576
0.0103214 	368.576
0.0103571 	368.969
0.0103929 	368.969
0.0104286 	369.033
0.0104643 	369.033
0.0105 	369.401
0.0105357 	369.401
0.0105714 	369.454
0.0106071 	369.454
0.0106429 	369.788
0.0106786 	369.788
0.0107143 	368.538
0.01075 	368.538
0.0107857 	370.188
0.0108214 	370.188
0.0108571 	369.799
0.0108929 	369.799
0.0109286 	370.405
0.0109643 	370.405
0.011 	370.478
0.0110357 	370.478
0.0110714 	370.606
0.0111071 	370.606
0.0111429 	371.147
0.0111786 	371.147
0.0112143 	370.21
0.01125 	370.21
0.0112857 	371.642
0.0113214 	371.642
0.0113571 	372.088
0.0113929 	372.088
0.0114286 	372.158
0.0114643 	372.158
0.0115 	372.577
0.0115357 	372.577
0.0115714 	372.639
0.0116071 	372.639
0.0116429 	373.02
0.0116786 	373.02
0.0117143 	371.717
0.01175 	371.717
0.0117857 	373.494
0.0118214 	373.494
0.0118571 	373.093
0.0118929 	373.093
0.0119286 	373.763
0.0119643 	373.763
0.012 	373.847
0.0120357 	373.847
0.0120714 	374.038
0.0121071 	374.038
0.0121429 	374.616
0.0121786 	374.616
0.0122143 	373.664
0.01225 	373.664
0.0122857 	375.181
0.0123214 	375.181
0.0123571 	375.69
0.0123929 	375.69
0.0124286 	375.769
0.0124643 	375.769
0.0125 	376.253
0.0125357 	376.253
0.0125714 	376.33
0.0126071 	376.33
0.0126429 	376.773
0.0126786 	376.773
0.0127143 	375.408
0.01275 	375.408
0.0127857 	377.331
0.0128214 	377.331
0.0128571 	376.916
0.0128929 	376.916
0.0129286 	377.657
0.0129643 	377.657
0.013 	377.755
0.0130357 	377.755
0.0130714 	378.01
0.0131071 	378.01
0.0131429 	378.628
0.0131786 	378.628
0.0132143 	377.663
0.01325 	377.663
0.0132857 	379.276
0.0133214 	379.276
0.0133571 	379.871
0.0133929 	379.871
0.0134286 	379.962
0.0134643 	379.962
0.0135 	380.53
0.0135357 	380.53
0.0135714 	380.622
0.0136071 	380.622
0.0136429 	381.143
0.0136786 	381.143
0.0137143 	379.706
0.01375 	379.706
0.0137857 	381.809
0.0138214 	381.809
0.0138571 	381.384
0.0138929 	381.384
0.0139286 	382.218
0.0139643 	382.218
0.014 	382.335
0.0140357 	382.335
0.0140714 	382.682
0.0141071 	382.682
0.0141429 	383.352
0.0141786 	383.352
0.0142143 	382.386
0.01425 	382.386
0.0142857 	384.117
0.0143214 	384.117
0.0143571 	384.831
0.0143929 	384.831
0.0144286 	384.937
0.0144643 	384.937
0.0145 	385.607
0.0145357 	385.607
0.0145714 	385.721
0.0146071 	385.721
0.0146429 	386.339
0.0146786 	386.339
0.0147143 	384.819
0.01475 	384.819
0.0147857 	387.158
0.0148214 	387.158
0.0148571 	386.72
0.0148929 	386.72
0.0149286 	387.675
0.0149643 	387.675
0.015 	387.816
0.0150357 	387.816
0.0150714 	388.282
0.0151071 	388.282
0.0151429 	389.017
0.0151786 	389.017
0.0152143 	388.05
0.01525 	388.05
0.0152857 	389.93
0.0153214 	389.93
0.0153571 	390.791
0.0153929 	390.791
0.0154286 	390.916
0.0154643 	390.916
0.0155 	391.749
0.0155357 	391.749
0.0155714 	391.896
0.0156071 	391.896
0.0156429 	392.666
0.0156786 	392.666
0.0157143 	391.051
0.01575 	391.051
0.0157857 	393.692
0.0158214 	393.692
0.0158571 	393.247
0.0158929 	393.247
0.0159286 	394.367
0.0159643 	394.367
0.016 	394.544
0.0160357 	394.544
0.0160714 	395.192
0.0161071 	395.192
0.0161429 	396.007
0.0161786 	396.007
0.0162143 	395.069
0.01625 	395.069
0.0162857 	397.134
0.0163214 	397.134
0.0163571 	398.216
0.0163929 	398.216
0.0164286 	398.368
0.0164643 	398.368
0.0165 	399.417
0.0165357 	399.417
0.0165714 	399.613
0.0166071 	399.613
0.0166429 	400.589
0.0166786 	400.589
0.0167143 	398.858
0.01675 	398.858
0.0167857 	401.926
0.0168214 	401.926
0.0168571 	401.474
0.0168929 	401.474
0.0169286 	402.832
0.0169643 	402.832
0.017 	403.064
0.0170357 	403.064
0.0170714 	403.989
0.0171071 	403.989
0.0171429 	404.921
0.0171786 	404.921
0.0172143 	404.057
0.01725 	404.057
0.0172857 	406.376
0.0173214 	406.376
0.0173571 	407.799
0.0173929 	407.799
0.0174286 	407.993
0.0174643 	407.993
0.0175 	409.389
0.0175357 	409.389
0.0175714 	409.659
0.0176071 	409.659
0.0176429 	410.963
0.0176786 	410.963
0.0177143 	409.093
0.01775 	409.093
0.0177857 	412.789
0.0178214 	412.789
0.0178571 	412.346
0.0178929 	412.346
0.0179286 	414.074
0.0179643 	414.074
0.018 	414.39
0.0180357 	414.39
0.0180714 	415.78
0.0181071 	415.78
0.0181429 	416.877
0.0181786 	416.877
0.0182143 	416.184
0.01825 	416.184
0.0182857 	418.864
0.0183214 	418.864
0.0183571 	420.84
0.0183929 	420.84
0.0184286 	421.103
0.0184643 	421.103
0.0185 	423.082
0.0185357 	423.082
0.0185714 	423.481
0.0186071 	423.481
0.0186429 	425.34
0.0186786 	425.34
0.0187143 	423.299
0.01875 	423.299
0.0187857 	428.029
0.0188214 	428.029
0.0188571 	427.63
0.0188929 	427.63
0.0189286 	429.992
0.0189643 	429.992
0.019 	430.462
0.0190357 	430.462
0.0190714 	432.7
0.0191071 	432.7
0.0191429 	434.067
0.0191786 	434.067
0.0192143 	433.788
0.01925 	433.788
0.0192857 	437.048
0.0193214 	437.048
0.0193571 	440.08
0.0193929 	440.08
0.0194286 	440.473
0.0194643 	440.473
0.0195 	443.579
0.0195357 	443.579
0.0195714 	444.227
0.0196071 	444.227
0.0196429 	447.176
0.0196786 	447.176
0.0197143 	444.926
0.01975 	444.926
0.0197857 	451.633
0.0198214 	451.633
0.0198571 	451.381
0.0198929 	451.381
0.0199286 	455.056
0.0199643 	455.056
0.02 	455.865
0.0200357 	455.865
0.0200714 	460.028
0.0201071 	460.028
0.0201429 	461.928
0.0201786 	461.928
0.0202143 	462.82
0.02025 	462.82
0.0202857 	467.189
0.0203214 	467.189
0.0203571 	472.704
0.0203929 	472.704
0.0204286 	473.412
0.0204643 	473.412
0.0205 	479.395
0.0205357 	479.395
0.0205714 	480.694
0.0206071 	480.694
0.0206429 	486.498
0.0206786 	486.498
0.0207143 	484.081
0.02075 	484.081
0.0207857 	495.999
0.0208214 	495.999
0.0208571 	496.332
0.0208929 	496.332
0.0209286 	503.833
0.0209643 	503.833
0.021 	505.72
0.0210357 	505.72
0.0210714 	516.191
0.0211071 	516.191
0.0211429 	519.627
0.0211786 	519.627
0.0212143 	525.589
0.02125 	525.589
0.0212857 	533.229
0.0213214 	533.229
0.0213571 	548.339
0.0213929 	548.339
0.0214286 	550.35
0.0214643 	550.35
0.0215 	569.649
0.0215357 	569.649
0.0215714 	574.05
0.0216071 	574.05
0.0216429 	594.34
0.0216786 	594.34
0.0217143 	593.301
0.02175 	593.301
0.0217857 	635.681
0.0218214 	635.681
0.0218571 	641.033
0.0218929 	641.033
0.0219286 	678.827
0.0219643 	678.827
0.022 	691.12
0.0220357 	691.12
0.0220714 	765.718
0.0221071 	765.718
0.0221429 	768.326
0.0221786 	768.326
0.0222143 	639.414
0.02225 	639.414
0.0222857 	588.216
0.0223214 	588.216
0.0223571 	341.654
0.0223929 	341.654
0.0224286 	324.519
0.0224643 	324.519
0.0225 	300.009
0.0225357 	300.009
0.0225714 	300
0.0226071 	300
0.0226429 	300
0.0226786 	300
0.0227143 	300
0.0227857 	300
0.0228571 	300
0.023 	300
0.0231429 	300
0.0232857 	300
0.0234286 	300
0.0237143 	300
0.024 	300
0.0242857 	300
0.0245714 	300
0.0248571 	300
0.0251429 	300
0.0254286 	300
0.0257143 	300
0.026 	300
0.0262857 	300
0.0265714 	300
0.0268571 	300
0.0271429 	300
0.0274286 	300
0.0277143 	300
0.028 	300
0.0282857 	300
0.0285714 	300
0.0288571 	300
0.0291429 	300
0.0294286 	300
0.0297143 	300
0.03 	300
0.0302857 	300
0.0305714 	300
0.0308571 	300
0.0311428 	300
0.0314286 	300
0.0317143 	300
0.032 	300
0.0322857 	300
0.0325714 	300
0.0328572 	300
0.0331429 	300
0.0334286 	300
0.0337143 	300
0.034 	300
0.0342857 	300
0.0345714 	300
0.0348571 	300
0.0351429 	300
0.0354286 	300
0.0357143 	300
0.036 	300
0.0362857 	300
0.0365714 	300
0.0368572 	300
0.0371429 	300
0.0374286 	300
0.0377143 	300
0.038 	300
0.0382857 	300
0.0385714 	300
0.0388571 	300
0.0391429 	300
0.0394286 	300
