7.27919e-23 	324.384
3.57e-05 	324.384
7.14e-05 	324.047
0.00010715 	324.047
0.0001429 	323.971
0.0001786 	323.971
0.0002143 	323.471
0.00025 	323.471
0.0002857 	323.981
0.0003214 	323.981
0.0003571 	326.898
0.00039285 	326.898
0.0004286 	327.163
0.0004643 	327.163
0.0005 	327.605
0.0005357 	327.605
0.0005714 	327.588
0.00060715 	327.588
0.0006429 	327.596
0.0006786 	327.596
0.0007143 	327.137
0.00075 	327.137
0.0007857 	327.592
0.0008214 	327.592
0.0008571 	327.449
0.00089285 	327.449
0.0009286 	327.581
0.0009643 	327.581
0.001 	327.582
0.0010357 	327.582
0.0010714 	327.512
0.00110715 	327.512
0.0011429 	327.658
0.0011786 	327.658
0.0012143 	327.262
0.00125 	327.262
0.0012857 	327.731
0.0013214 	327.731
0.0013571 	327.785
0.00139285 	327.785
0.0014286 	327.795
0.0014643 	327.795
0.0015 	327.829
0.0015357 	327.829
0.0015714 	327.821
0.00160715 	327.821
0.0016429 	327.829
0.0016786 	327.829
0.0017143 	327.295
0.00175 	327.295
0.0017857 	327.75
0.0018214 	327.75
0.0018571 	327.608
0.00189285 	327.608
0.0019286 	327.741
0.0019643 	327.741
0.002 	327.742
0.0020357 	327.742
0.0020714 	327.674
0.00210715 	327.674
0.0021429 	327.818
0.0021786 	327.818
0.0022143 	327.422
0.00225 	327.422
0.0022857 	327.893
0.0023214 	327.893
0.0023571 	327.951
0.00239285 	327.951
0.0024286 	327.959
0.0024643 	327.959
0.0025 	327.991
0.0025357 	327.991
0.0025714 	327.983
0.00260715 	327.983
0.0026429 	327.994
0.0026786 	327.994
0.0027143 	327.527
0.00275 	327.527
0.0027857 	327.986
0.0028214 	327.986
0.0028571 	327.845
0.00289285 	327.845
0.0029286 	327.981
0.0029643 	327.981
0.003 	327.984
0.0030357 	327.984
0.0030714 	327.919
0.00310715 	327.919
0.0031429 	328.067
0.0031786 	328.067
0.0032143 	327.668
0.00325 	327.668
0.0032857 	328.144
0.0033214 	328.144
0.0033571 	328.201
0.00339285 	328.201
0.0034286 	328.211
0.0034643 	328.211
0.0035 	328.246
0.0035357 	328.246
0.0035714 	328.24
0.00360715 	328.24
0.0036429 	328.253
0.0036786 	328.253
0.0037143 	327.781
0.00375 	327.781
0.0037857 	328.25
0.0038214 	328.25
0.0038571 	328.103
0.00389285 	328.103
0.0039286 	328.24
0.0039643 	328.24
0.004 	328.243
0.0040357 	328.243
0.0040714 	328.176
0.00410715 	328.176
0.0041429 	328.33
0.0041786 	328.33
0.0042143 	327.926
0.00425 	327.926
0.0042857 	328.404
0.0043214 	328.404
0.0043571 	328.463
0.00439285 	328.463
0.0044286 	328.473
0.0044643 	328.473
0.0045 	328.508
0.0045357 	328.508
0.0045714 	328.503
0.00460715 	328.503
0.0046429 	328.517
0.0046786 	328.517
0.0047143 	328.04
0.00475 	328.04
0.0047857 	328.516
0.0048214 	328.516
0.0048571 	328.364
0.00489285 	328.364
0.0049286 	328.503
0.0049643 	328.503
0.005 	328.505
0.0050357 	328.505
0.0050714 	328.436
0.00510715 	328.436
0.0051429 	328.59
0.0051786 	328.59
0.0052143 	328.181
0.00525 	328.181
0.0052857 	328.668
0.0053214 	328.668
0.0053571 	328.728
0.00539285 	328.728
0.0054286 	328.737
0.0054643 	328.737
0.0055 	328.774
0.0055357 	328.774
0.0055714 	328.765
0.00560715 	328.765
0.0056429 	328.778
0.0056786 	328.778
0.0057143 	328.202
0.00575 	328.202
0.0057857 	328.683
0.0058214 	328.683
0.0058571 	328.629
0.00589285 	328.629
0.0059286 	328.77
0.0059643 	328.77
0.006 	328.676
0.0060357 	328.676
0.0060714 	328.606
0.00610715 	328.606
0.0061429 	328.758
0.0061786 	328.758
0.0062143 	328.35
0.00625 	328.35
0.0062857 	328.837
0.0063214 	328.837
0.0063571 	328.898
0.00639285 	328.898
0.0064286 	328.908
0.0064643 	328.908
0.0065 	328.948
0.0065357 	328.948
0.0065714 	328.943
0.00660715 	328.943
0.0066429 	328.962
0.0066786 	328.962
0.0067143 	328.479
0.00675 	328.479
0.0067857 	328.966
0.0068214 	328.966
0.0068571 	328.816
0.00689285 	328.816
0.0069286 	328.959
0.0069643 	328.959
0.007 	328.962
0.0070357 	328.962
0.0070714 	328.893
0.00710715 	328.893
0.0071429 	329.048
0.0071786 	329.048
0.0072143 	328.635
0.00725 	328.635
0.0072857 	329.127
0.0073214 	329.127
0.0073571 	329.188
0.00739285 	329.188
0.0074286 	329.197
0.0074643 	329.197
0.0075 	329.234
0.0075357 	329.234
0.0075714 	329.226
0.00760715 	329.226
0.0076429 	329.243
0.0076786 	329.243
0.0077143 	328.752
0.00775 	328.752
0.0077857 	329.249
0.0078214 	329.249
0.0078571 	329.099
0.00789285 	329.099
0.0079286 	329.246
0.0079643 	329.246
0.008 	329.249
0.0080357 	329.249
0.0080714 	329.181
0.00810715 	329.181
0.0081429 	329.337
0.0081786 	329.337
0.0082143 	328.919
0.00825 	328.919
0.0082857 	329.418
0.0083214 	329.418
0.0083571 	329.48
0.00839285 	329.48
0.0084286 	329.49
0.0084643 	329.49
0.0085 	329.529
0.0085357 	329.529
0.0085714 	329.521
0.00860715 	329.521
0.0086429 	329.54
0.0086786 	329.54
0.0087143 	329.045
0.00875 	329.045
0.0087857 	329.544
0.0088214 	329.544
0.0088571 	329.392
0.00889285 	329.392
0.0089286 	329.54
0.0089643 	329.54
0.009 	329.543
0.0090357 	329.543
0.0090714 	329.476
0.00910715 	329.476
0.0091429 	329.632
0.0091786 	329.632
0.0092143 	329.212
0.00925 	329.212
0.0092857 	329.811
0.0093214 	329.811
0.0093571 	329.877
0.00939285 	329.877
0.0094286 	329.887
0.0094643 	329.887
0.0095 	329.926
0.0095357 	329.926
0.0095714 	329.828
0.00960715 	329.828
0.0096429 	329.842
0.0096786 	329.842
0.0097143 	329.213
0.00975 	329.213
0.0097857 	329.71
0.0098214 	329.71
0.0098571 	329.557
0.00989285 	329.557
0.0099286 	329.706
0.0099643 	329.706
0.01 	329.709
0.0100357 	329.709
0.0100714 	329.644
0.0101071 	329.644
0.0101429 	329.8
0.0101786 	329.8
0.0102143 	329.38
0.01025 	329.38
0.0102857 	329.886
0.0103214 	329.886
0.0103571 	329.953
0.0103929 	329.953
0.0104286 	329.962
0.0104643 	329.962
0.0105 	330.007
0.0105357 	330.007
0.0105714 	330
0.0106071 	330
0.0106429 	330.024
0.0106786 	330.024
0.0107143 	329.517
0.01075 	329.517
0.0107857 	330.026
0.0108214 	330.026
0.0108571 	329.973
0.0108929 	329.973
0.0109286 	330.128
0.0109643 	330.128
0.011 	330.13
0.0110357 	330.13
0.0110714 	330.057
0.0111071 	330.057
0.0111429 	330.116
0.0111786 	330.116
0.0112143 	329.692
0.01125 	329.692
0.0112857 	330.338
0.0113214 	330.338
0.0113571 	330.408
0.0113929 	330.408
0.0114286 	330.418
0.0114643 	330.418
0.0115 	330.465
0.0115357 	330.465
0.0115714 	330.457
0.0116071 	330.457
0.0116429 	330.481
0.0116786 	330.481
0.0117143 	329.966
0.01175 	329.966
0.0117857 	330.49
0.0118214 	330.49
0.0118571 	330.328
0.0118929 	330.328
0.0119286 	330.484
0.0119643 	330.484
0.012 	330.486
0.0120357 	330.486
0.0120714 	330.421
0.0121071 	330.421
0.0121429 	330.591
0.0121786 	330.591
0.0122143 	330.153
0.01225 	330.153
0.0122857 	330.678
0.0123214 	330.678
0.0123571 	330.747
0.0123929 	330.747
0.0124286 	330.757
0.0124643 	330.757
0.0125 	330.804
0.0125357 	330.804
0.0125714 	330.798
0.0126071 	330.798
0.0126429 	330.825
0.0126786 	330.825
0.0127143 	330.303
0.01275 	330.303
0.0127857 	330.835
0.0128214 	330.835
0.0128571 	330.669
0.0128929 	330.669
0.0129286 	330.828
0.0129643 	330.828
0.013 	330.831
0.0130357 	330.831
0.0130714 	330.76
0.0131071 	330.76
0.0131429 	330.797
0.0131786 	330.797
0.0132143 	330.357
0.01325 	330.357
0.0132857 	330.883
0.0133214 	330.883
0.0133571 	330.953
0.0133929 	330.953
0.0134286 	330.963
0.0134643 	330.963
0.0135 	331.014
0.0135357 	331.014
0.0135714 	331.006
0.0136071 	331.006
0.0136429 	331.034
0.0136786 	331.034
0.0137143 	330.514
0.01375 	330.514
0.0137857 	331.048
0.0138214 	331.048
0.0138571 	330.886
0.0138929 	330.886
0.0139286 	331.046
0.0139643 	331.046
0.014 	331.049
0.0140357 	331.049
0.0140714 	330.988
0.0141071 	330.988
0.0141429 	331.159
0.0141786 	331.159
0.0142143 	330.72
0.01425 	330.72
0.0142857 	331.251
0.0143214 	331.251
0.0143571 	331.327
0.0143929 	331.327
0.0144286 	331.337
0.0144643 	331.337
0.0145 	331.393
0.0145357 	331.393
0.0145714 	331.662
0.0146071 	331.662
0.0146429 	331.694
0.0146786 	331.694
0.0147143 	331.153
0.01475 	331.153
0.0147857 	331.711
0.0148214 	331.711
0.0148571 	331.536
0.0148929 	331.536
0.0149286 	331.702
0.0149643 	331.702
0.015 	331.707
0.0150357 	331.707
0.0150714 	331.625
0.0151071 	331.625
0.0151429 	331.533
0.0151786 	331.533
0.0152143 	331.085
0.01525 	331.085
0.0152857 	331.902
0.0153214 	331.902
0.0153571 	331.98
0.0153929 	331.98
0.0154286 	332.007
0.0154643 	332.007
0.0155 	332.057
0.0155357 	332.057
0.0155714 	332.051
0.0156071 	332.051
0.0156429 	332.078
0.0156786 	332.078
0.0157143 	331.53
0.01575 	331.53
0.0157857 	332.096
0.0158214 	332.096
0.0158571 	331.92
0.0158929 	331.92
0.0159286 	332.088
0.0159643 	332.088
0.016 	332.093
0.0160357 	332.093
0.0160714 	332.019
0.0161071 	332.019
0.0161429 	332.205
0.0161786 	332.205
0.0162143 	331.729
0.01625 	331.729
0.0162857 	332.291
0.0163214 	332.291
0.0163571 	332.362
0.0163929 	332.362
0.0164286 	332.375
0.0164643 	332.375
0.0165 	332.423
0.0165357 	332.423
0.0165714 	332.419
0.0166071 	332.419
0.0166429 	332.448
0.0166786 	332.448
0.0167143 	331.885
0.01675 	331.885
0.0167857 	332.459
0.0168214 	332.459
0.0168571 	332.28
0.0168929 	332.28
0.0169286 	332.452
0.0169643 	332.452
0.017 	332.458
0.0170357 	332.458
0.0170714 	332.382
0.0171071 	332.382
0.0171429 	332.575
0.0171786 	332.575
0.0172143 	332.095
0.01725 	332.095
0.0172857 	332.667
0.0173214 	332.667
0.0173571 	332.741
0.0173929 	332.741
0.0174286 	332.755
0.0174643 	332.755
0.0175 	332.808
0.0175357 	332.808
0.0175714 	332.805
0.0176071 	332.805
0.0176429 	332.835
0.0176786 	332.835
0.0177143 	332.272
0.01775 	332.272
0.0177857 	332.857
0.0178214 	332.857
0.0178571 	332.674
0.0178929 	332.674
0.0179286 	332.849
0.0179643 	332.849
0.018 	332.855
0.0180357 	332.855
0.0180714 	332.784
0.0181071 	332.784
0.0181429 	332.977
0.0181786 	332.977
0.0182143 	332.489
0.01825 	332.489
0.0182857 	333.069
0.0183214 	333.069
0.0183571 	333.143
0.0183929 	333.143
0.0184286 	333.159
0.0184643 	333.159
0.0185 	333.213
0.0185357 	333.213
0.0185714 	333.21
0.0186071 	333.21
0.0186429 	333.244
0.0186786 	333.244
0.0187143 	332.674
0.01875 	332.674
0.0187857 	333.267
0.0188214 	333.267
0.0188571 	333.081
0.0188929 	333.081
0.0189286 	333.258
0.0189643 	333.258
0.019 	333.263
0.0190357 	333.263
0.0190714 	333.191
0.0191071 	333.191
0.0191429 	333.388
0.0191786 	333.388
0.0192143 	332.897
0.01925 	332.897
0.0192857 	333.486
0.0193214 	333.486
0.0193571 	333.564
0.0193929 	333.564
0.0194286 	333.578
0.0194643 	333.578
0.0195 	333.637
0.0195357 	333.637
0.0195714 	333.632
0.0196071 	333.632
0.0196429 	333.667
0.0196786 	333.667
0.0197143 	333.087
0.01975 	333.087
0.0197857 	333.691
0.0198214 	333.691
0.0198571 	333.504
0.0198929 	333.504
0.0199286 	333.685
0.0199643 	333.685
0.02 	333.69
0.0200357 	333.69
0.0200714 	333.618
0.0201071 	333.618
0.0201429 	333.818
0.0201786 	333.818
0.0202143 	333.317
0.02025 	333.317
0.0202857 	333.917
0.0203214 	333.917
0.0203571 	333.998
0.0203929 	333.998
0.0204286 	334.013
0.0204643 	334.013
0.0205 	334.07
0.0205357 	334.07
0.0205714 	334.068
0.0206071 	334.068
0.0206429 	334.104
0.0206786 	334.104
0.0207143 	333.515
0.02075 	333.515
0.0207857 	334.127
0.0208214 	334.127
0.0208571 	333.938
0.0208929 	333.938
0.0209286 	334.124
0.0209643 	334.124
0.021 	334.132
0.0210357 	334.132
0.0210714 	334.06
0.0211071 	334.06
0.0211429 	334.267
0.0211786 	334.267
0.0212143 	333.762
0.02125 	333.762
0.0212857 	334.37
0.0213214 	334.37
0.0213571 	334.452
0.0213929 	334.452
0.0214286 	334.467
0.0214643 	334.467
0.0215 	334.528
0.0215357 	334.528
0.0215714 	334.525
0.0216071 	334.525
0.0216429 	334.562
0.0216786 	334.562
0.0217143 	333.965
0.02175 	333.965
0.0217857 	334.592
0.0218214 	334.592
0.0218571 	334.4
0.0218929 	334.4
0.0219286 	334.59
0.0219643 	334.59
0.022 	334.597
0.0220357 	334.597
0.0220714 	334.528
0.0221071 	334.528
0.0221429 	334.741
0.0221786 	334.741
0.0222143 	334.229
0.02225 	334.229
0.0222857 	334.848
0.0223214 	334.848
0.0223571 	334.935
0.0223929 	334.935
0.0224286 	334.951
0.0224643 	334.951
0.0225 	335.013
0.0225357 	335.013
0.0225714 	335.008
0.0226071 	335.008
0.0226429 	335.049
0.0226786 	335.049
0.0227143 	334.443
0.02275 	334.443
0.0227857 	335.082
0.0228214 	335.082
0.0228571 	334.88
0.0228929 	334.88
0.0229286 	335.073
0.0229643 	335.073
0.023 	335.081
0.0230357 	335.081
0.0230714 	335.007
0.0231071 	335.007
0.0231429 	335.222
0.0231786 	335.222
0.0232143 	334.702
0.02325 	334.702
0.0232857 	335.33
0.0233214 	335.33
0.0233571 	335.418
0.0233929 	335.418
0.0234286 	335.434
0.0234643 	335.434
0.0235 	335.501
0.0235357 	335.501
0.0235714 	335.5
0.0236071 	335.5
0.0236429 	335.544
0.0236786 	335.544
0.0237143 	334.928
0.02375 	334.928
0.0237857 	335.582
0.0238214 	335.582
0.0238571 	335.383
0.0238929 	335.383
0.0239286 	335.581
0.0239643 	335.581
0.024 	335.589
0.0240357 	335.589
0.0240714 	335.518
0.0241071 	335.518
0.0241429 	335.736
0.0241786 	335.736
0.0242143 	335.207
0.02425 	335.207
0.0242857 	335.85
0.0243214 	335.85
0.0243571 	335.942
0.0243929 	335.942
0.0244286 	335.958
0.0244643 	335.958
0.0245 	336.028
0.0245357 	336.028
0.0245714 	336.026
0.0246071 	336.026
0.0246429 	336.075
0.0246786 	336.075
0.0247143 	335.449
0.02475 	335.449
0.0247857 	336.115
0.0248214 	336.115
0.0248571 	335.913
0.0248929 	335.913
0.0249286 	336.118
0.0249643 	336.118
0.025 	336.128
0.0250357 	336.128
0.0250714 	336.058
0.0251071 	336.058
0.0251429 	336.28
0.0251786 	336.28
0.0252143 	335.746
0.02525 	335.746
0.0252857 	336.4
0.0253214 	336.4
0.0253571 	336.496
0.0253929 	336.496
0.0254286 	336.512
0.0254643 	336.512
0.0255 	336.586
0.0255357 	336.586
0.0255714 	336.583
0.0256071 	336.583
0.0256429 	336.632
0.0256786 	336.632
0.0257143 	335.963
0.02575 	335.963
0.0257857 	336.643
0.0258214 	336.643
0.0258571 	336.438
0.0258929 	336.438
0.0259286 	336.648
0.0259643 	336.648
0.026 	336.657
0.0260357 	336.657
0.0260714 	336.594
0.0261071 	336.594
0.0261429 	336.821
0.0261786 	336.821
0.0262143 	336.278
0.02625 	336.278
0.0262857 	336.942
0.0263214 	336.942
0.0263571 	337.041
0.0263929 	337.041
0.0264286 	337.054
0.0264643 	337.054
0.0265 	337.129
0.0265357 	337.129
0.0265714 	337.128
0.0266071 	337.128
0.0266429 	337.183
0.0266786 	337.183
0.0267143 	336.537
0.02675 	336.537
0.0267857 	337.23
0.0268214 	337.23
0.0268571 	337.02
0.0268929 	337.02
0.0269286 	337.236
0.0269643 	337.236
0.027 	337.247
0.0270357 	337.247
0.0270714 	337.183
0.0271071 	337.183
0.0271429 	337.416
0.0271786 	337.416
0.0272143 	336.867
0.02725 	336.867
0.0272857 	337.544
0.0273214 	337.544
0.0273571 	337.647
0.0273929 	337.647
0.0274286 	337.665
0.0274643 	337.665
0.0275 	337.749
0.0275357 	337.749
0.0275714 	337.748
0.0276071 	337.748
0.0276429 	337.808
0.0276786 	337.808
0.0277143 	337.149
0.02775 	337.149
0.0277857 	337.863
0.0278214 	337.863
0.0278571 	337.648
0.0278929 	337.648
0.0279286 	337.869
0.0279643 	337.869
0.028 	337.88
0.0280357 	337.88
0.0280714 	337.818
0.0281071 	337.818
0.0281429 	338.059
0.0281786 	338.059
0.0282143 	337.499
0.02825 	337.499
0.0282857 	338.188
0.0283214 	338.188
0.0283571 	338.295
0.0283929 	338.295
0.0284286 	338.315
0.0284643 	338.315
0.0285 	338.4
0.0285357 	338.4
0.0285714 	338.402
0.0286071 	338.402
0.0286429 	338.467
0.0286786 	338.467
0.0287143 	337.797
0.02875 	337.797
0.0287857 	338.528
0.0288214 	338.528
0.0288571 	338.31
0.0288929 	338.31
0.0289286 	338.54
0.0289643 	338.54
0.029 	338.55
0.0290357 	338.55
0.0290714 	338.491
0.0291071 	338.491
0.0291429 	338.734
0.0291786 	338.734
0.0292143 	338.168
0.02925 	338.168
0.0292857 	338.872
0.0293214 	338.872
0.0293571 	338.986
0.0293929 	338.986
0.0294286 	339.004
0.0294643 	339.004
0.0295 	339.096
0.0295357 	339.096
0.0295714 	339.095
0.0296071 	339.095
0.0296429 	339.164
0.0296786 	339.164
0.0297143 	338.479
0.02975 	338.479
0.0297857 	339.231
0.0298214 	339.231
0.0298571 	339.011
0.0298929 	339.011
0.0299286 	339.248
0.0299643 	339.248
0.03 	339.261
0.0300357 	339.261
0.0300714 	339.207
0.0301071 	339.207
0.0301429 	339.456
0.0301786 	339.456
0.0302143 	338.879
0.03025 	338.879
0.0302857 	339.599
0.0303214 	339.599
0.0303571 	339.721
0.0303928 	339.721
0.0304286 	339.741
0.0304643 	339.741
0.0305 	339.836
0.0305357 	339.836
0.0305714 	339.839
0.0306071 	339.839
0.0306429 	339.915
0.0306786 	339.915
0.0307143 	339.216
0.03075 	339.216
0.0307857 	339.988
0.0308214 	339.988
0.0308571 	339.759
0.0308928 	339.759
0.0309286 	340.007
0.0309643 	340.007
0.031 	340.024
0.0310357 	340.024
0.0310714 	339.975
0.0311072 	339.975
0.0311429 	340.233
0.0311786 	340.233
0.0312143 	339.649
0.03125 	339.649
0.0312857 	340.387
0.0313214 	340.387
0.0313571 	340.514
0.0313928 	340.514
0.0314286 	340.536
0.0314643 	340.536
0.0315 	340.645
0.0315357 	340.645
0.0315714 	340.644
0.0316072 	340.644
0.0316429 	340.726
0.0316786 	340.726
0.0317143 	340.011
0.03175 	340.011
0.0317857 	340.807
0.0318214 	340.807
0.0318571 	340.578
0.0318929 	340.578
0.0319286 	340.833
0.0319643 	340.833
0.032 	340.848
0.0320357 	340.848
0.0320714 	340.803
0.0321072 	340.803
0.0321429 	341.068
0.0321786 	341.068
0.0322143 	340.471
0.03225 	340.471
0.0322857 	341.229
0.0323214 	341.229
0.0323571 	341.367
0.0323929 	341.367
0.0324286 	341.391
0.0324643 	341.391
0.0325 	341.504
0.0325357 	341.504
0.0325714 	341.504
0.0326072 	341.504
0.0326429 	341.561
0.0326786 	341.561
0.0327143 	339.048
0.03275 	339.048
0.0327857 	339.705
0.0328214 	339.705
0.0328571 	341.414
0.0328929 	341.414
0.0329286 	341.684
0.0329643 	341.684
0.033 	339.81
0.0330357 	339.81
0.0330714 	339.707
0.0331072 	339.707
0.0331429 	339.941
0.0331786 	339.941
0.0332143 	339.418
0.03325 	339.418
0.0332857 	340.143
0.0333214 	340.143
0.0333571 	340.187
0.0333929 	340.187
0.0334286 	337.903
0.0334643 	337.903
0.0335 	337.836
0.0335357 	337.836
0.0335714 	337.931
0.0336072 	337.931
0.0336429 	337.895
0.0336786 	337.895
0.0337143 	337.325
0.03375 	337.325
0.0337857 	337.818
0.0338214 	337.818
0.0338571 	342.149
0.0338929 	342.149
0.0339286 	342.43
0.0339643 	342.43
0.034 	338
0.0340357 	338
0.0340714 	337.774
0.0341072 	337.774
0.0341429 	337.995
0.0341786 	337.995
0.0342143 	337.579
0.03425 	337.579
0.0342857 	340.293
0.0343214 	340.293
0.0343571 	340.321
0.0343929 	340.321
0.0344286 	338.396
0.0344643 	338.396
0.0345 	338.363
0.0345357 	338.363
0.0345714 	340.514
0.0346072 	340.514
0.0346429 	340.411
0.0346786 	340.411
0.0347143 	330.78
0.03475 	330.78
0.0347857 	330.776
0.0348214 	330.776
0.0348571 	340.318
0.0348929 	340.318
0.0349286 	340.467
0.0349643 	340.467
0.035 	331.118
0.0350357 	331.118
0.0350714 	331.104
0.0351072 	331.104
0.0351429 	338.524
0.0351786 	338.524
0.0352143 	338.082
0.03525 	338.082
0.0352857 	331.539
0.0353214 	331.539
0.0353571 	331.522
0.0353929 	331.522
0.0354286 	331.597
0.0354643 	331.597
0.0355 	331.585
0.0355357 	331.585
0.0355714 	331.755
0.0356072 	331.755
0.0356429 	331.745
0.0356786 	331.745
0.0357143 	331.575
0.03575 	331.575
0.0357857 	331.575
0.0358214 	331.575
0.0358571 	344.204
0.0358929 	344.204
0.0359286 	344.523
0.0359643 	344.523
0.036 	331.978
0.0360357 	331.978
0.0360714 	331.952
0.0361072 	331.952
0.0361429 	331.912
0.0361786 	331.912
0.0362143 	331.899
0.03625 	331.899
0.0362857 	332.373
0.0363214 	332.373
0.0363571 	332.354
0.0363929 	332.354
0.0364286 	332.481
0.0364643 	332.481
0.0365 	356.967
0.0365357 	356.967
0.0365714 	374.239
0.0366072 	374.239
0.0366429 	620.291
0.0366786 	620.291
0.0367143 	673.37
0.03675 	673.37
0.0367857 	800.051
0.0368214 	800.051
0.0368571 	807.105
0.0368929 	807.105
0.0369286 	733.6
0.0369643 	733.6
0.037 	711.52
0.0370357 	711.52
0.0370714 	673.687
0.0371072 	673.687
0.0371429 	668.271
0.0371786 	668.271
0.0372143 	625.521
0.03725 	625.521
0.0372857 	627.809
0.0373214 	627.809
0.0373571 	606.787
0.0373929 	606.787
0.0374286 	600.391
0.0374643 	600.391
0.0375 	596.71
0.0375357 	596.71
0.0375714 	586.225
0.0376072 	586.225
0.0376429 	584.296
0.0376786 	584.296
0.0377143 	571.249
0.03775 	571.249
0.0377857 	566.858
0.0378214 	566.858
0.0378571 	562.613
0.0378929 	562.613
0.0379286 	552.685
0.0379643 	552.685
0.038 	550.741
0.0380357 	550.741
0.0380714 	543.312
0.0381072 	543.312
0.0381429 	543.429
0.0381786 	543.429
0.0382143 	530.644
0.03825 	530.644
0.0382857 	532.506
0.0383214 	532.506
0.0383571 	529.033
0.0383929 	529.033
0.0384286 	525.203
0.0384643 	525.203
0.0385 	521.374
0.0385357 	521.374
0.0385714 	520.562
0.0386071 	520.562
0.0386429 	515.472
0.0386786 	515.472
0.0387143 	510.294
0.03875 	510.294
0.0387857 	510.549
0.0388214 	510.549
0.0388571 	507.764
0.0388929 	507.764
0.0389286 	504.923
0.0389643 	504.923
0.039 	503.741
0.0390357 	503.741
0.0390714 	499.987
0.0391072 	499.987
0.0391429 	500.422
0.0391786 	500.422
0.0392143 	493.172
0.03925 	493.172
0.0392857 	496.443
0.0393214 	496.443
0.0393571 	493.927
0.0393929 	493.927
0.0394286 	492.977
0.0394643 	492.977
0.0395 	492.362
0.0395357 	492.362
0.0395714 	490.035
0.0396072 	490.035
0.0396429 	483.563
0.0396786 	483.563
0.0397143 	478.514
0.03975 	478.514
0.0397857 	467.706
0.0398214 	467.706
0.0398571 	465.525
0.0398929 	465.525
0.0399286 	433.453
