7.27919e-23 	337.953
3.57e-05 	337.953
7.14e-05 	337.389
0.00010715 	337.389
0.0001429 	337.664
0.0001786 	337.664
0.0002143 	338.047
0.00025 	338.047
0.0002857 	339.568
0.0003214 	339.568
0.0003571 	346.808
0.00039285 	346.808
0.0004286 	347.284
0.0004643 	347.284
0.0005 	348.284
0.0005357 	348.284
0.0005714 	348.284
0.00060715 	348.284
0.0006429 	348.389
0.0006786 	348.389
0.0007143 	347.52
0.00075 	347.52
0.0007857 	348.493
0.0008214 	348.493
0.0008571 	348.209
0.00089285 	348.209
0.0009286 	348.52
0.0009643 	348.52
0.001 	348.541
0.0010357 	348.541
0.0010714 	348.481
0.00110715 	348.481
0.0011429 	348.814
0.0011786 	348.814
0.0012143 	348.082
0.00125 	348.082
0.0012857 	349.007
0.0013214 	349.007
0.0013571 	349.163
0.00139285 	349.163
0.0014286 	349.192
0.0014643 	349.192
0.0015 	349.329
0.0015357 	349.329
0.0015714 	349.336
0.00160715 	349.336
0.0016429 	349.45
0.0016786 	349.45
0.0017143 	348.562
0.00175 	348.562
0.0017857 	349.564
0.0018214 	349.564
0.0018571 	349.275
0.00189285 	349.275
0.0019286 	349.598
0.0019643 	349.598
0.002 	349.621
0.0020357 	349.621
0.0020714 	349.566
0.00210715 	349.566
0.0021429 	349.905
0.0021786 	349.905
0.0022143 	349.161
0.00225 	349.161
0.0022857 	350.111
0.0023214 	350.111
0.0023571 	350.278
0.00239285 	350.278
0.0024286 	350.31
0.0024643 	350.31
0.0025 	350.453
0.0025357 	350.453
0.0025714 	350.464
0.00260715 	350.464
0.0026429 	350.584
0.0026786 	350.584
0.0027143 	349.675
0.00275 	349.675
0.0027857 	350.703
0.0028214 	350.703
0.0028571 	350.41
0.00289285 	350.41
0.0029286 	350.747
0.0029643 	350.747
0.003 	350.773
0.0030357 	350.773
0.0030714 	350.732
0.00310715 	350.732
0.0031429 	351.087
0.0031786 	351.087
0.0032143 	350.329
0.00325 	350.329
0.0032857 	351.306
0.0033214 	351.306
0.0033571 	351.484
0.00339285 	351.484
0.0034286 	351.517
0.0034643 	351.517
0.0035 	351.673
0.0035357 	351.673
0.0035714 	351.687
0.00360715 	351.687
0.0036429 	351.82
0.0036786 	351.82
0.0037143 	350.889
0.00375 	350.889
0.0037857 	351.958
0.0038214 	351.958
0.0038571 	351.653
0.00389285 	351.653
0.0039286 	352.004
0.0039643 	352.004
0.004 	352.032
0.0040357 	352.032
0.0040714 	351.993
0.00410715 	351.993
0.0041429 	352.359
0.0041786 	352.359
0.0042143 	351.586
0.00425 	351.586
0.0042857 	352.588
0.0043214 	352.588
0.0043571 	352.778
0.00439285 	352.778
0.0044286 	352.813
0.0044643 	352.813
0.0045 	352.979
0.0045357 	352.979
0.0045714 	352.996
0.00460715 	352.996
0.0046429 	353.14
0.0046786 	353.14
0.0047143 	352.184
0.00475 	352.184
0.0047857 	353.292
0.0048214 	353.292
0.0048571 	352.977
0.00489285 	352.977
0.0049286 	353.342
0.0049643 	353.342
0.005 	353.372
0.0050357 	353.372
0.0050714 	353.338
0.00510715 	353.338
0.0051429 	353.714
0.0051786 	353.714
0.0052143 	352.925
0.00525 	352.925
0.0052857 	353.959
0.0053214 	353.959
0.0053571 	354.161
0.00539285 	354.161
0.0054286 	354.198
0.0054643 	354.198
0.0055 	354.379
0.0055357 	354.379
0.0055714 	354.392
0.00560715 	354.392
0.0056429 	354.55
0.0056786 	354.55
0.0057143 	353.569
0.00575 	353.569
0.0057857 	354.724
0.0058214 	354.724
0.0058571 	354.404
0.00589285 	354.404
0.0059286 	354.789
0.0059643 	354.789
0.006 	354.821
0.0060357 	354.821
0.0060714 	354.794
0.00610715 	354.794
0.0061429 	355.182
0.0061786 	355.182
0.0062143 	354.376
0.00625 	354.376
0.0062857 	355.442
0.0063214 	355.442
0.0063571 	355.659
0.00639285 	355.659
0.0064286 	355.699
0.0064643 	355.699
0.0065 	355.897
0.0065357 	355.897
0.0065714 	355.919
0.00660715 	355.919
0.0066429 	356.094
0.0066786 	356.094
0.0067143 	355.086
0.00675 	355.086
0.0067857 	356.287
0.0068214 	356.287
0.0068571 	355.962
0.00689285 	355.962
0.0069286 	356.366
0.0069643 	356.366
0.007 	356.401
0.0070357 	356.401
0.0070714 	356.386
0.00710715 	356.386
0.0071429 	356.787
0.0071786 	356.787
0.0072143 	355.964
0.00725 	355.964
0.0072857 	357.064
0.0073214 	357.064
0.0073571 	357.299
0.00739285 	357.299
0.0074286 	357.339
0.0074643 	357.339
0.0075 	357.546
0.0075357 	357.546
0.0075714 	357.567
0.00760715 	357.567
0.0076429 	357.751
0.0076786 	357.751
0.0077143 	356.713
0.00775 	356.713
0.0077857 	357.969
0.0078214 	357.969
0.0078571 	357.638
0.00789285 	357.638
0.0079286 	358.067
0.0079643 	358.067
0.008 	358.107
0.0080357 	358.107
0.0080714 	358.105
0.00810715 	358.105
0.0081429 	358.521
0.0081786 	358.521
0.0082143 	357.68
0.00825 	357.68
0.0082857 	358.82
0.0083214 	358.82
0.0083571 	359.074
0.00839285 	359.074
0.0084286 	359.118
0.0084643 	359.118
0.0085 	359.349
0.0085357 	359.349
0.0085714 	359.373
0.00860715 	359.373
0.0086429 	359.579
0.0086786 	359.579
0.0087143 	358.508
0.00875 	358.508
0.0087857 	359.815
0.0088214 	359.815
0.0088571 	359.474
0.00889285 	359.474
0.0089286 	359.925
0.0089643 	359.925
0.009 	359.969
0.0090357 	359.969
0.0090714 	359.985
0.00910715 	359.985
0.0091429 	360.418
0.0091786 	360.418
0.0092143 	359.56
0.00925 	359.56
0.0092857 	360.744
0.0093214 	360.744
0.0093571 	361.022
0.00939285 	361.022
0.0094286 	361.07
0.0094643 	361.07
0.0095 	361.325
0.0095357 	361.325
0.0095714 	361.357
0.00960715 	361.357
0.0096429 	361.586
0.0096786 	361.586
0.0097143 	360.481
0.00975 	360.481
0.0097857 	361.853
0.0098214 	361.853
0.0098571 	361.499
0.00989285 	361.499
0.0099286 	361.978
0.0099643 	361.978
0.01 	362.026
0.0100357 	362.026
0.0100714 	362.061
0.0101071 	362.061
0.0101429 	362.513
0.0101786 	362.513
0.0102143 	361.637
0.01025 	361.637
0.0102857 	362.869
0.0103214 	362.869
0.0103571 	363.177
0.0103929 	363.177
0.0104286 	363.229
0.0104643 	363.229
0.0105 	363.513
0.0105357 	363.513
0.0105714 	363.55
0.0106071 	363.55
0.0106429 	363.806
0.0106786 	363.806
0.0107143 	362.66
0.01075 	362.66
0.0107857 	364.1
0.0108214 	364.1
0.0108571 	363.735
0.0108929 	363.735
0.0109286 	364.244
0.0109643 	364.244
0.011 	364.299
0.0110357 	364.299
0.0110714 	364.35
0.0111071 	364.35
0.0111429 	364.828
0.0111786 	364.828
0.0112143 	363.933
0.01125 	363.933
0.0112857 	365.216
0.0113214 	365.216
0.0113571 	365.558
0.0113929 	365.558
0.0114286 	365.614
0.0114643 	365.614
0.0115 	365.93
0.0115357 	365.93
0.0115714 	365.972
0.0116071 	365.972
0.0116429 	366.257
0.0116786 	366.257
0.0117143 	365.069
0.01175 	365.069
0.0117857 	366.599
0.0118214 	366.599
0.0118571 	366.224
0.0118929 	366.224
0.0119286 	366.776
0.0119643 	366.776
0.012 	366.838
0.0120357 	366.838
0.0120714 	366.93
0.0121071 	366.93
0.0121429 	367.436
0.0121786 	367.436
0.0122143 	366.522
0.01225 	366.522
0.0122857 	367.868
0.0123214 	367.868
0.0123571 	368.248
0.0123929 	368.248
0.0124286 	368.309
0.0124643 	368.309
0.0125 	368.666
0.0125357 	368.666
0.0125714 	368.717
0.0126071 	368.717
0.0126429 	369.041
0.0126786 	369.041
0.0127143 	367.805
0.01275 	367.805
0.0127857 	369.432
0.0128214 	369.432
0.0128571 	369.045
0.0128929 	369.045
0.0129286 	369.642
0.0129643 	369.642
0.013 	369.711
0.0130357 	369.711
0.0130714 	369.838
0.0131071 	369.838
0.0131429 	370.371
0.0131786 	370.371
0.0132143 	369.439
0.01325 	369.439
0.0132857 	370.852
0.0133214 	370.852
0.0133571 	371.281
0.0133929 	371.281
0.0134286 	371.35
0.0134643 	371.35
0.0135 	371.756
0.0135357 	371.756
0.0135714 	371.815
0.0136071 	371.815
0.0136429 	372.184
0.0136786 	372.184
0.0137143 	370.894
0.01375 	370.894
0.0137857 	372.635
0.0138214 	372.635
0.0138571 	372.239
0.0138929 	372.239
0.0139286 	372.892
0.0139643 	372.892
0.014 	372.973
0.0140357 	372.973
0.0140714 	373.149
0.0141071 	373.149
0.0141429 	373.717
0.0141786 	373.717
0.0142143 	372.774
0.01425 	372.774
0.0142857 	374.265
0.0143214 	374.265
0.0143571 	374.763
0.0143929 	374.763
0.0144286 	374.841
0.0144643 	374.841
0.0145 	375.299
0.0145357 	375.299
0.0145714 	375.369
0.0146071 	375.369
0.0146429 	375.788
0.0146786 	375.788
0.0147143 	374.438
0.01475 	374.438
0.0147857 	376.324
0.0148214 	376.324
0.0148571 	375.913
0.0148929 	375.913
0.0149286 	376.635
0.0149643 	376.635
0.015 	376.728
0.0150357 	376.728
0.0150714 	376.961
0.0151071 	376.961
0.0151429 	377.569
0.0151786 	377.569
0.0152143 	376.605
0.01525 	376.605
0.0152857 	378.194
0.0153214 	378.194
0.0153571 	378.765
0.0153929 	378.765
0.0154286 	378.853
0.0154643 	378.853
0.0155 	379.398
0.0155357 	379.398
0.0155714 	379.485
0.0156071 	379.485
0.0156429 	379.985
0.0156786 	379.985
0.0157143 	378.567
0.01575 	378.567
0.0157857 	380.622
0.0158214 	380.622
0.0158571 	380.201
0.0158929 	380.201
0.0159286 	381.008
0.0159643 	381.008
0.016 	381.119
0.0160357 	381.119
0.0160714 	381.435
0.0161071 	381.435
0.0161429 	382.089
0.0161786 	382.089
0.0162143 	381.117
0.01625 	381.117
0.0162857 	382.815
0.0163214 	382.815
0.0163571 	383.491
0.0163929 	383.491
0.0164286 	383.592
0.0164643 	383.592
0.0165 	384.235
0.0165357 	384.235
0.0165714 	384.345
0.0166071 	384.345
0.0166429 	384.939
0.0166786 	384.939
0.0167143 	383.442
0.01675 	383.442
0.0167857 	385.715
0.0168214 	385.715
0.0168571 	385.281
0.0168929 	385.281
0.0169286 	386.202
0.0169643 	386.202
0.017 	386.337
0.0170357 	386.337
0.0170714 	386.766
0.0171071 	386.766
0.0171429 	387.484
0.0171786 	387.484
0.0172143 	386.515
0.01725 	386.515
0.0172857 	388.355
0.0173214 	388.355
0.0173571 	389.178
0.0173929 	389.178
0.0174286 	389.296
0.0174643 	389.296
0.0175 	390.085
0.0175357 	390.085
0.0175714 	390.225
0.0176071 	390.225
0.0176429 	390.955
0.0176786 	390.955
0.0177143 	389.366
0.01775 	389.366
0.0177857 	391.923
0.0178214 	391.923
0.0178571 	391.476
0.0178929 	391.476
0.0179286 	392.55
0.0179643 	392.55
0.018 	392.717
0.0180357 	392.717
0.0180714 	393.316
0.0181071 	393.316
0.0181429 	394.109
0.0181786 	394.109
0.0182143 	393.161
0.01825 	393.161
0.0182857 	395.176
0.0183214 	395.176
0.0183571 	396.194
0.0183929 	396.194
0.0184286 	396.34
0.0184643 	396.34
0.0185 	397.332
0.0185357 	397.332
0.0185714 	397.516
0.0186071 	397.516
0.0186429 	398.437
0.0186786 	398.437
0.0187143 	396.738
0.01875 	396.738
0.0187857 	399.685
0.0188214 	399.685
0.0188571 	399.231
0.0188929 	399.231
0.0189286 	400.519
0.0189643 	400.519
0.019 	400.733
0.0190357 	400.733
0.0190714 	401.576
0.0191071 	401.576
0.0191429 	402.474
0.0191786 	402.474
0.0192143 	401.587
0.01925 	401.587
0.0192857 	403.835
0.0193214 	403.835
0.0193571 	405.158
0.0193929 	405.158
0.0194286 	405.34
0.0194643 	405.34
0.0195 	406.633
0.0195357 	406.633
0.0195714 	406.879
0.0196071 	406.879
0.0196429 	408.083
0.0196786 	408.083
0.0197143 	406.25
0.01975 	406.25
0.0197857 	409.755
0.0198214 	409.755
0.0198571 	409.308
0.0198929 	409.308
0.0199286 	410.924
0.0199643 	410.924
0.02 	411.214
0.0200357 	411.214
0.0200714 	412.462
0.0201071 	412.462
0.0201429 	413.51
0.0201786 	413.51
0.0202143 	412.76
0.02025 	412.76
0.0202857 	415.337
0.0203214 	415.337
0.0203571 	417.142
0.0203929 	417.142
0.0204286 	417.385
0.0204643 	417.385
0.0205 	419.176
0.0205357 	419.176
0.0205714 	419.534
0.0206071 	419.534
0.0206429 	421.215
0.0206786 	421.215
0.0207143 	419.218
0.02075 	419.218
0.0207857 	423.631
0.0208214 	423.631
0.0208571 	423.215
0.0208929 	423.215
0.0209286 	425.382
0.0209643 	425.382
0.021 	425.805
0.0210357 	425.805
0.0210714 	427.779
0.0211071 	427.779
0.0211429 	429.066
0.0211786 	429.066
0.0212143 	428.646
0.02125 	428.646
0.0212857 	431.728
0.0213214 	431.728
0.0213571 	434.42
0.0213929 	434.42
0.0214286 	434.77
0.0214643 	434.77
0.0215 	437.504
0.0215357 	437.504
0.0215714 	438.069
0.0216071 	438.069
0.0216429 	440.656
0.0216786 	440.656
0.0217143 	438.461
0.02175 	438.461
0.0217857 	444.523
0.0218214 	444.523
0.0218571 	444.215
0.0218929 	444.215
0.0219286 	447.453
0.0219643 	447.453
0.022 	448.148
0.0220357 	448.148
0.0220714 	451.653
0.0221071 	451.653
0.0221429 	453.38
0.0221786 	453.38
0.0222143 	453.845
0.02225 	453.845
0.0222857 	457.849
0.0223214 	457.849
0.0223571 	462.492
0.0223929 	462.492
0.0224286 	463.086
0.0224643 	463.086
0.0225 	468.024
0.0225357 	468.024
0.0225714 	469.083
0.0226071 	469.083
0.0226429 	473.835
0.0226786 	473.835
0.0227143 	471.44
0.02275 	471.44
0.0227857 	481.414
0.0228214 	481.414
0.0228571 	481.509
0.0228929 	481.509
0.0229286 	487.523
0.0229643 	487.523
0.023 	488.978
0.0230357 	488.978
0.0230714 	496.897
0.0231071 	496.897
0.0231429 	499.728
0.0231786 	499.728
0.0232143 	503.469
0.02325 	503.469
0.0232857 	509.805
0.0233214 	509.805
0.0233571 	520.782
0.0233929 	520.782
0.0234286 	522.211
0.0234643 	522.211
0.0235 	535.359
0.0235357 	535.359
0.0235714 	538.314
0.0236071 	538.314
0.0236429 	551.678
0.0236786 	551.678
0.0237143 	549.728
0.02375 	549.728
0.0237857 	576.663
0.0238214 	576.663
0.0238571 	579.288
0.0238929 	579.288
0.0239286 	600.195
0.0239643 	600.195
0.024 	606.4
0.0240357 	606.4
0.0240714 	643.145
0.0241071 	643.145
0.0241429 	652.866
0.0241786 	652.866
0.0242143 	691.576
0.02425 	691.576
0.0242857 	715.118
0.0243214 	715.118
0.0243571 	767.942
0.0243929 	767.942
0.0244286 	760.877
0.0244643 	760.877
0.0245 	551.973
0.0245357 	551.973
0.0245714 	497.196
0.0246071 	497.196
0.0246429 	316.717
0.0246786 	316.717
0.0247143 	300.006
0.02475 	300.006
0.0247857 	300
0.0248214 	300
0.0248571 	300
0.0249286 	300
0.025 	300
0.0250714 	300
0.0251429 	300
0.0252857 	300
0.0254286 	300
0.0255714 	300
0.0257143 	300
0.026 	300
0.0262857 	300
0.0265714 	300
0.0268571 	300
0.0271429 	300
0.0274286 	300
0.0277143 	300
0.028 	300
0.0282857 	300
0.0285714 	300
0.0288571 	300
0.0291429 	300
0.0294286 	300
0.0297143 	300
0.03 	300
0.0302857 	300
0.0305714 	300
0.0308571 	300
0.0311428 	300
0.0314286 	300
0.0317143 	300
0.032 	300
0.0322857 	300
0.0325714 	300
0.0328572 	300
0.0331429 	300
0.0334286 	300
0.0337143 	300
0.034 	300
0.0342857 	300
0.0345714 	300
0.0348571 	300
0.0351429 	300
0.0354286 	300
0.0357143 	300
0.036 	300
0.0362857 	300
0.0365714 	300
0.0368572 	300
0.0371429 	300
0.0374286 	300
0.0377143 	300
0.038 	300
0.0382857 	300
0.0385714 	300
0.0388571 	300
0.0391429 	300
0.0394286 	300
