1.45584e-22 	317.05
7.145e-05 	317.05
0.0001429 	316.195
0.0002143 	316.195
0.0002857 	321.961
0.0003214 	321.961
0.0003571 	324.516
0.00039285 	324.516
0.0004286 	324.778
0.0004643 	324.778
0.0005 	325.166
0.0005357 	325.166
0.0005714 	325.148
0.00060715 	325.148
0.0006429 	325.15
0.0006786 	325.15
0.0007143 	324.741
0.00075 	324.741
0.0007857 	325.138
0.0008214 	325.138
0.0008571 	325.014
0.00089285 	325.014
0.0009286 	325.128
0.0009643 	325.128
0.001 	325.129
0.0010357 	325.129
0.0010714 	325.064
0.00110715 	325.064
0.0011429 	325.186
0.0011786 	325.186
0.0012143 	324.836
0.00125 	324.836
0.0012857 	325.252
0.0013214 	325.252
0.0013571 	325.302
0.00139285 	325.302
0.0014286 	325.31
0.0014643 	325.31
0.0015 	325.337
0.0015357 	325.337
0.0015714 	325.328
0.00160715 	325.328
0.0016429 	325.328
0.0016786 	325.328
0.0017143 	324.823
0.00175 	324.823
0.0017857 	325.217
0.0018214 	325.217
0.0018571 	325.095
0.00189285 	325.095
0.0019286 	325.209
0.0019643 	325.209
0.002 	325.209
0.0020357 	325.209
0.0020714 	325.146
0.00210715 	325.146
0.0021429 	325.267
0.0021786 	325.267
0.0022143 	324.919
0.00225 	324.919
0.0022857 	325.334
0.0023214 	325.334
0.0023571 	325.386
0.00239285 	325.386
0.0024286 	325.391
0.0024643 	325.391
0.0025 	325.417
0.0025357 	325.417
0.0025714 	325.408
0.00260715 	325.408
0.0026429 	325.412
0.0026786 	325.412
0.0027143 	324.998
0.00275 	324.998
0.0027857 	325.397
0.0028214 	325.397
0.0028571 	325.275
0.00289285 	325.275
0.0029286 	325.392
0.0029643 	325.392
0.003 	325.394
0.0030357 	325.394
0.0030714 	325.334
0.00310715 	325.334
0.0031429 	325.458
0.0031786 	325.458
0.0032143 	325.108
0.00325 	325.108
0.0032857 	325.525
0.0033214 	325.525
0.0033571 	325.577
0.00339285 	325.577
0.0034286 	325.584
0.0034643 	325.584
0.0035 	325.612
0.0035357 	325.612
0.0035714 	325.606
0.00360715 	325.606
0.0036429 	325.611
0.0036786 	325.611
0.0037143 	325.194
0.00375 	325.194
0.0037857 	325.6
0.0038214 	325.6
0.0038571 	325.474
0.00389285 	325.474
0.0039286 	325.591
0.0039643 	325.591
0.004 	325.592
0.0040357 	325.592
0.0040714 	325.531
0.00410715 	325.531
0.0041429 	325.66
0.0041786 	325.66
0.0042143 	325.306
0.00425 	325.306
0.0042857 	325.726
0.0043214 	325.726
0.0043571 	325.779
0.00439285 	325.779
0.0044286 	325.786
0.0044643 	325.786
0.0045 	325.815
0.0045357 	325.815
0.0045714 	325.808
0.00460715 	325.808
0.0046429 	325.814
0.0046786 	325.814
0.0047143 	325.393
0.00475 	325.393
0.0047857 	325.804
0.0048214 	325.804
0.0048571 	325.674
0.00489285 	325.674
0.0049286 	325.793
0.0049643 	325.793
0.005 	325.793
0.0050357 	325.793
0.0050714 	325.73
0.00510715 	325.73
0.0051429 	325.858
0.0051786 	325.858
0.0052143 	325.5
0.00525 	325.5
0.0052857 	325.928
0.0053214 	325.928
0.0053571 	325.98
0.00539285 	325.98
0.0054286 	325.987
0.0054643 	325.987
0.0055 	326.017
0.0055357 	326.017
0.0055714 	326.007
0.00560715 	326.007
0.0056429 	326.01
0.0056786 	326.01
0.0057143 	325.463
0.00575 	325.463
0.0057857 	325.875
0.0058214 	325.875
0.0058571 	325.872
0.00589285 	325.872
0.0059286 	325.993
0.0059643 	325.993
0.006 	325.868
0.0060357 	325.868
0.0060714 	325.803
0.00610715 	325.803
0.0061429 	325.929
0.0061786 	325.929
0.0062143 	325.575
0.00625 	325.575
0.0062857 	325.999
0.0063214 	325.999
0.0063571 	326.053
0.00639285 	326.053
0.0064286 	326.061
0.0064643 	326.061
0.0065 	326.093
0.0065357 	326.093
0.0065714 	326.086
0.00660715 	326.086
0.0066429 	326.097
0.0066786 	326.097
0.0067143 	325.672
0.00675 	325.672
0.0067857 	326.09
0.0068214 	326.09
0.0068571 	325.963
0.00689285 	325.963
0.0069286 	326.085
0.0069643 	326.085
0.007 	326.085
0.0070357 	326.085
0.0070714 	326.023
0.00710715 	326.023
0.0071429 	326.15
0.0071786 	326.15
0.0072143 	325.791
0.00725 	325.791
0.0072857 	326.22
0.0073214 	326.22
0.0073571 	326.274
0.00739285 	326.274
0.0074286 	326.28
0.0074643 	326.28
0.0075 	326.31
0.0075357 	326.31
0.0075714 	326.3
0.00760715 	326.3
0.0076429 	326.308
0.0076786 	326.308
0.0077143 	325.878
0.00775 	325.878
0.0077857 	326.303
0.0078214 	326.303
0.0078571 	326.176
0.00789285 	326.176
0.0079286 	326.301
0.0079643 	326.301
0.008 	326.301
0.0080357 	326.301
0.0080714 	326.24
0.00810715 	326.24
0.0081429 	326.368
0.0081786 	326.368
0.0082143 	326.006
0.00825 	326.006
0.0082857 	326.439
0.0083214 	326.439
0.0083571 	326.494
0.00839285 	326.494
0.0084286 	326.5
0.0084643 	326.5
0.0085 	326.532
0.0085357 	326.532
0.0085714 	326.522
0.00860715 	326.522
0.0086429 	326.532
0.0086786 	326.532
0.0087143 	326.098
0.00875 	326.098
0.0087857 	326.525
0.0088214 	326.525
0.0088571 	326.396
0.00889285 	326.396
0.0089286 	326.522
0.0089643 	326.522
0.009 	326.522
0.0090357 	326.522
0.0090714 	326.46
0.00910715 	326.46
0.0091429 	326.588
0.0091786 	326.588
0.0092143 	326.225
0.00925 	326.225
0.0092857 	326.786
0.0093214 	326.786
0.0093571 	326.844
0.00939285 	326.844
0.0094286 	326.851
0.0094643 	326.851
0.0095 	326.881
0.0095357 	326.881
0.0095714 	326.753
0.00960715 	326.753
0.0096429 	326.756
0.0096786 	326.756
0.0097143 	326.155
0.00975 	326.155
0.0097857 	326.575
0.0098214 	326.575
0.0098571 	326.447
0.00989285 	326.447
0.0099286 	326.572
0.0099643 	326.572
0.01 	326.572
0.0100357 	326.572
0.0100714 	326.514
0.0101071 	326.514
0.0101429 	326.639
0.0101786 	326.639
0.0102143 	326.279
0.01025 	326.279
0.0102857 	326.715
0.0103214 	326.715
0.0103571 	326.773
0.0103929 	326.773
0.0104286 	326.78
0.0104643 	326.78
0.0105 	326.815
0.0105357 	326.815
0.0105714 	326.806
0.0106071 	326.806
0.0106429 	326.82
0.0106786 	326.82
0.0107143 	326.378
0.01075 	326.378
0.0107857 	326.81
0.0108214 	326.81
0.0108571 	326.809
0.0108929 	326.809
0.0109286 	326.941
0.0109643 	326.941
0.011 	326.941
0.0110357 	326.941
0.0110714 	326.873
0.0111071 	326.873
0.0111429 	326.874
0.0111786 	326.874
0.0112143 	326.511
0.01125 	326.511
0.0112857 	327.122
0.0113214 	327.122
0.0113571 	327.184
0.0113929 	327.184
0.0114286 	327.191
0.0114643 	327.191
0.0115 	327.228
0.0115357 	327.228
0.0115714 	327.219
0.0116071 	327.219
0.0116429 	327.231
0.0116786 	327.231
0.0117143 	326.782
0.01175 	326.782
0.0117857 	327.229
0.0118214 	327.229
0.0118571 	327.091
0.0118929 	327.091
0.0119286 	327.222
0.0119643 	327.222
0.012 	327.221
0.0120357 	327.221
0.0120714 	327.161
0.0121071 	327.161
0.0121429 	327.301
0.0121786 	327.301
0.0122143 	326.921
0.01225 	326.921
0.0122857 	327.375
0.0123214 	327.375
0.0123571 	327.433
0.0123929 	327.433
0.0124286 	327.441
0.0124643 	327.441
0.0125 	327.477
0.0125357 	327.477
0.0125714 	327.469
0.0126071 	327.469
0.0126429 	327.485
0.0126786 	327.485
0.0127143 	327.03
0.01275 	327.03
0.0127857 	327.482
0.0128214 	327.482
0.0128571 	327.34
0.0128929 	327.34
0.0129286 	327.474
0.0129643 	327.474
0.013 	327.474
0.0130357 	327.474
0.0130714 	327.407
0.0131071 	327.407
0.0131429 	327.376
0.0131786 	327.376
0.0132143 	326.998
0.01325 	326.998
0.0132857 	327.448
0.0133214 	327.448
0.0133571 	327.507
0.0133929 	327.507
0.0134286 	327.514
0.0134643 	327.514
0.0135 	327.554
0.0135357 	327.554
0.0135714 	327.544
0.0136071 	327.544
0.0136429 	327.561
0.0136786 	327.561
0.0137143 	327.113
0.01375 	327.113
0.0137857 	327.564
0.0138214 	327.564
0.0138571 	327.427
0.0138929 	327.427
0.0139286 	327.561
0.0139643 	327.561
0.014 	327.561
0.0140357 	327.561
0.0140714 	327.504
0.0141071 	327.504
0.0141429 	327.643
0.0141786 	327.643
0.0142143 	327.267
0.01425 	327.267
0.0142857 	327.721
0.0143214 	327.721
0.0143571 	327.785
0.0143929 	327.785
0.0144286 	327.792
0.0144643 	327.792
0.0145 	327.841
0.0145357 	327.841
0.0145714 	328.187
0.0146071 	328.187
0.0146429 	328.209
0.0146786 	328.209
0.0147143 	327.738
0.01475 	327.738
0.0147857 	328.212
0.0148214 	328.212
0.0148571 	328.062
0.0148929 	328.062
0.0149286 	328.2
0.0149643 	328.2
0.015 	328.202
0.0150357 	328.202
0.0150714 	328.12
0.0151071 	328.12
0.0151429 	327.918
0.0151786 	327.918
0.0152143 	327.535
0.01525 	327.535
0.0152857 	328.352
0.0153214 	328.352
0.0153571 	328.421
0.0153929 	328.421
0.0154286 	328.449
0.0154643 	328.449
0.0155 	328.486
0.0155357 	328.486
0.0155714 	328.478
0.0156071 	328.478
0.0156429 	328.491
0.0156786 	328.491
0.0157143 	328.014
0.01575 	328.014
0.0157857 	328.494
0.0158214 	328.494
0.0158571 	328.343
0.0158929 	328.343
0.0159286 	328.482
0.0159643 	328.482
0.016 	328.485
0.0160357 	328.485
0.0160714 	328.413
0.0161071 	328.413
0.0161429 	328.569
0.0161786 	328.569
0.0162143 	328.153
0.01625 	328.153
0.0162857 	328.637
0.0163214 	328.637
0.0163571 	328.694
0.0163929 	328.694
0.0164286 	328.704
0.0164643 	328.704
0.0165 	328.738
0.0165357 	328.738
0.0165714 	328.732
0.0166071 	328.732
0.0166429 	328.745
0.0166786 	328.745
0.0167143 	328.253
0.01675 	328.253
0.0167857 	328.738
0.0168214 	328.738
0.0168571 	328.585
0.0168929 	328.585
0.0169286 	328.726
0.0169643 	328.726
0.017 	328.729
0.0170357 	328.729
0.0170714 	328.655
0.0171071 	328.655
0.0171429 	328.816
0.0171786 	328.816
0.0172143 	328.398
0.01725 	328.398
0.0172857 	328.89
0.0173214 	328.89
0.0173571 	328.949
0.0173929 	328.949
0.0174286 	328.959
0.0174643 	328.959
0.0175 	328.996
0.0175357 	328.996
0.0175714 	328.991
0.0176071 	328.991
0.0176429 	329.006
0.0176786 	329.006
0.0177143 	328.519
0.01775 	328.519
0.0177857 	329.011
0.0178214 	329.011
0.0178571 	328.855
0.0178929 	328.855
0.0179286 	328.999
0.0179643 	328.999
0.018 	329.002
0.0180357 	329.002
0.0180714 	328.932
0.0181071 	328.932
0.0181429 	329.092
0.0181786 	329.092
0.0182143 	328.667
0.01825 	328.667
0.0182857 	329.163
0.0183214 	329.163
0.0183571 	329.222
0.0183929 	329.222
0.0184286 	329.234
0.0184643 	329.234
0.0185 	329.272
0.0185357 	329.272
0.0185714 	329.267
0.0186071 	329.267
0.0186429 	329.284
0.0186786 	329.284
0.0187143 	328.791
0.01875 	328.791
0.0187857 	329.289
0.0188214 	329.289
0.0188571 	329.131
0.0188929 	329.131
0.0189286 	329.275
0.0189643 	329.275
0.019 	329.276
0.0190357 	329.276
0.0190714 	329.205
0.0191071 	329.205
0.0191429 	329.367
0.0191786 	329.367
0.0192143 	328.94
0.01925 	328.94
0.0192857 	329.443
0.0193214 	329.443
0.0193571 	329.504
0.0193929 	329.504
0.0194286 	329.515
0.0194643 	329.515
0.0195 	329.556
0.0195357 	329.556
0.0195714 	329.549
0.0196071 	329.549
0.0196429 	329.566
0.0196786 	329.566
0.0197143 	329.067
0.01975 	329.067
0.0197857 	329.571
0.0198214 	329.571
0.0198571 	329.413
0.0198929 	329.413
0.0199286 	329.56
0.0199643 	329.56
0.02 	329.561
0.0200357 	329.561
0.0200714 	329.488
0.0201071 	329.488
0.0201429 	329.653
0.0201786 	329.653
0.0202143 	329.219
0.02025 	329.219
0.0202857 	329.73
0.0203214 	329.73
0.0203571 	329.792
0.0203929 	329.792
0.0204286 	329.804
0.0204643 	329.804
0.0205 	329.842
0.0205357 	329.842
0.0205714 	329.837
0.0206071 	329.837
0.0206429 	329.854
0.0206786 	329.854
0.0207143 	329.35
0.02075 	329.35
0.0207857 	329.858
0.0208214 	329.858
0.0208571 	329.697
0.0208929 	329.697
0.0209286 	329.847
0.0209643 	329.847
0.021 	329.851
0.0210357 	329.851
0.0210714 	329.779
0.0211071 	329.779
0.0211429 	329.949
0.0211786 	329.949
0.0212143 	329.512
0.02125 	329.512
0.0212857 	330.027
0.0213214 	330.027
0.0213571 	330.09
0.0213929 	330.09
0.0214286 	330.101
0.0214643 	330.101
0.0215 	330.142
0.0215357 	330.142
0.0215714 	330.136
0.0216071 	330.136
0.0216429 	330.154
0.0216786 	330.154
0.0217143 	329.643
0.02175 	329.643
0.0217857 	330.161
0.0218214 	330.161
0.0218571 	329.999
0.0218929 	329.999
0.0219286 	330.15
0.0219643 	330.15
0.022 	330.153
0.0220357 	330.153
0.0220714 	330.082
0.0221071 	330.082
0.0221429 	330.257
0.0221786 	330.257
0.0222143 	329.815
0.02225 	329.815
0.0222857 	330.337
0.0223214 	330.337
0.0223571 	330.403
0.0223929 	330.403
0.0224286 	330.415
0.0224643 	330.415
0.0225 	330.456
0.0225357 	330.456
0.0225714 	330.448
0.0226071 	330.448
0.0226429 	330.467
0.0226786 	330.467
0.0227143 	329.951
0.02275 	329.951
0.0227857 	330.476
0.0228214 	330.476
0.0228571 	330.303
0.0228929 	330.303
0.0229286 	330.457
0.0229643 	330.457
0.023 	330.46
0.0230357 	330.46
0.0230714 	330.384
0.0231071 	330.384
0.0231429 	330.558
0.0231786 	330.558
0.0232143 	330.111
0.02325 	330.111
0.0232857 	330.639
0.0233214 	330.639
0.0233571 	330.704
0.0233929 	330.704
0.0234286 	330.715
0.0234643 	330.715
0.0235 	330.759
0.0235357 	330.759
0.0235714 	330.755
0.0236071 	330.755
0.0236429 	330.776
0.0236786 	330.776
0.0237143 	330.253
0.02375 	330.253
0.0237857 	330.789
0.0238214 	330.789
0.0238571 	330.621
0.0238929 	330.621
0.0239286 	330.777
0.0239643 	330.777
0.024 	330.781
0.0240357 	330.781
0.0240714 	330.706
0.0241071 	330.706
0.0241429 	330.882
0.0241786 	330.882
0.0242143 	330.428
0.02425 	330.428
0.0242857 	330.966
0.0243214 	330.966
0.0243571 	331.033
0.0243929 	331.033
0.0244286 	331.044
0.0244643 	331.044
0.0245 	331.089
0.0245357 	331.089
0.0245714 	331.084
0.0246071 	331.084
0.0246429 	331.108
0.0246786 	331.108
0.0247143 	330.599
0.02475 	330.599
0.0247857 	388.165
0.0248214 	388.165
0.0248571 	421.1
0.0248929 	421.1
0.0249286 	700.3
0.0249643 	700.3
0.025 	740.876
0.0250357 	740.876
0.0250714 	787.807
0.0251071 	787.807
0.0251429 	780.419
0.0251786 	780.419
0.0252143 	699.131
0.02525 	699.131
0.0252857 	697.928
0.0253214 	697.928
0.0253571 	662.615
0.0253929 	662.615
0.0254286 	655.279
0.0254643 	655.279
0.0255 	623.623
0.0255357 	623.623
0.0255714 	620.495
0.0256071 	620.495
0.0256429 	597.976
0.0256786 	597.976
0.0257143 	587.6
0.02575 	587.6
0.0257857 	578.179
0.0258214 	578.179
0.0258571 	573.614
0.0258929 	573.614
0.0259286 	559.202
0.0259643 	559.202
0.026 	556.629
0.0260357 	556.629
0.0260714 	546.778
0.0261071 	546.778
0.0261429 	546.243
0.0261786 	546.243
0.0262143 	531.048
0.02625 	531.048
0.0262857 	533.996
0.0263214 	533.996
0.0263571 	526.75
0.0263929 	526.75
0.0264286 	525.116
0.0264643 	525.116
0.0265 	517.701
0.0265357 	517.701
0.0265714 	516.833
0.0266071 	516.833
0.0266429 	510.133
0.0266786 	510.133
0.0267143 	504.755
0.02675 	504.755
0.0267857 	503.809
0.0268214 	503.809
0.0268571 	501.511
0.0268929 	501.511
0.0269286 	496.654
0.0269643 	496.654
0.027 	495.7
0.0270357 	495.7
0.0270714 	491.391
0.0271071 	491.391
0.0271429 	491.749
0.0271786 	491.749
0.0272143 	483.75
0.02725 	483.75
0.0272857 	486.609
0.0273214 	486.609
0.0273571 	483.277
0.0273929 	483.277
0.0274286 	482.535
0.0274643 	482.535
0.0275 	479.015
0.0275357 	479.015
0.0275714 	478.563
0.0276071 	478.563
0.0276429 	475.144
0.0276786 	475.144
0.0277143 	471.133
0.02775 	471.133
0.0277857 	471.795
0.0278214 	471.795
0.0278571 	470.149
0.0278929 	470.149
0.0279286 	467.74
0.0279643 	467.74
0.028 	467.214
0.0280357 	467.214
0.0280714 	464.543
0.0281071 	464.543
0.0281429 	465.112
0.0281786 	465.112
0.0282143 	459.549
0.02825 	459.549
0.0282857 	462.202
0.0283214 	462.202
0.0283571 	460.221
0.0283929 	460.221
0.0284286 	459.787
0.0284643 	459.787
0.0285 	457.656
0.0285357 	457.656
0.0285714 	457.363
0.0286071 	457.363
0.0286429 	455.208
0.0286786 	455.208
0.0287143 	451.853
0.02875 	451.853
0.0287857 	453.046
0.0288214 	453.046
0.0288571 	451.714
0.0288929 	451.714
0.0289286 	450.347
0.0289643 	450.347
0.029 	450.004
0.0290357 	450.004
0.0290714 	448.079
0.0291071 	448.079
0.0291429 	448.705
0.0291786 	448.705
0.0292143 	444.314
0.02925 	444.314
0.0292857 	446.796
0.0293214 	446.796
0.0293571 	445.464
0.0293929 	445.464
0.0294286 	445.178
0.0294643 	445.178
0.0295 	443.729
0.0295357 	443.729
0.0295714 	443.514
0.0296071 	443.514
0.0296429 	442.012
0.0296786 	442.012
0.0297143 	439.052
0.02975 	439.052
0.0297857 	440.469
0.0298214 	440.469
0.0298571 	439.32
0.0298929 	439.32
0.0299286 	438.466
0.0299643 	438.466
0.03 	438.219
0.0300357 	438.219
0.0300714 	436.715
0.0301071 	436.715
0.0301429 	437.363
0.0301786 	437.363
0.0302143 	433.685
0.03025 	433.685
0.0302857 	436.029
0.0303214 	436.029
0.0303571 	435.061
0.0303928 	435.061
0.0304286 	434.86
0.0304643 	434.86
0.0305 	433.789
0.0305357 	433.789
0.0305714 	433.622
0.0306071 	433.622
0.0306429 	432.5
0.0306786 	432.5
0.0307143 	429.804
0.03075 	429.804
0.0307857 	431.325
0.0308214 	431.325
0.0308571 	430.293
0.0308928 	430.293
0.0309286 	429.77
0.0309643 	429.77
0.031 	429.59
0.0310357 	429.59
0.0310714 	428.351
0.0311072 	428.351
0.0311429 	428.997
0.0311786 	428.997
0.0312143 	425.772
0.03125 	425.772
0.0312857 	428.003
0.0313214 	428.003
0.0313571 	427.269
0.0313928 	427.269
0.0314286 	427.124
0.0314643 	427.124
0.0315 	426.306
0.0315357 	426.306
0.0315714 	426.167
0.0316072 	426.167
0.0316429 	425.291
0.0316786 	425.291
0.0317143 	422.785
0.03175 	422.785
0.0317857 	424.351
0.0318214 	424.351
0.0318571 	423.41
0.0318929 	423.41
0.0319286 	423.079
0.0319643 	423.079
0.032 	422.933
0.0320357 	422.933
0.0320714 	421.875
0.0321072 	421.875
0.0321429 	422.518
0.0321786 	422.518
0.0322143 	419.627
0.03225 	419.627
0.0322857 	421.769
0.0323214 	421.769
0.0323571 	421.2
0.0323929 	421.2
0.0324286 	421.09
0.0324643 	421.09
0.0325 	420.438
0.0325357 	420.438
0.0325714 	420.318
0.0326072 	420.318
0.0326429 	419.567
0.0326786 	419.567
0.0327143 	415.833
0.03275 	415.833
0.0327857 	417.293
0.0328214 	417.293
0.0328571 	417.914
0.0328929 	417.914
0.0329286 	417.743
0.0329643 	417.743
0.033 	416.169
0.0330357 	416.169
0.0330714 	415.178
0.0331072 	415.178
0.0331429 	415.781
0.0331786 	415.781
0.0332143 	413.179
0.03325 	413.179
0.0332857 	415.203
0.0333214 	415.203
0.0333571 	414.653
0.0333929 	414.653
0.0334286 	412.823
0.0334643 	412.823
0.0335 	412.137
0.0335357 	412.137
0.0335714 	412.105
0.0336072 	412.105
0.0336429 	411.42
0.0336786 	411.42
0.0337143 	409.249
0.03375 	409.249
0.0337857 	410.597
0.0338214 	410.597
0.0338571 	413.22
0.0338929 	413.22
0.0339286 	413.134
0.0339643 	413.134
0.034 	409.664
0.0340357 	409.664
0.0340714 	408.657
0.0341072 	408.657
0.0341429 	409.233
0.0341786 	409.233
0.0342143 	406.931
0.03425 	406.931
0.0342857 	410.387
0.0343214 	410.387
0.0343571 	409.905
0.0343929 	409.905
0.0344286 	408.359
0.0344643 	408.359
0.0345 	407.792
0.0345357 	407.792
0.0345714 	409.331
0.0346072 	409.331
0.0346429 	408.596
0.0346786 	408.596
0.0347143 	400.192
0.03475 	400.192
0.0347857 	401.077
0.0348214 	401.077
0.0348571 	407.273
0.0348929 	407.273
0.0349286 	407.222
0.0349643 	407.222
0.035 	400.511
0.0350357 	400.511
0.0350714 	399.695
0.0351072 	399.695
0.0351429 	405.269
0.0351786 	405.269
0.0352143 	403.003
0.03525 	403.003
0.0352857 	399.839
0.0353214 	399.839
0.0353571 	399.255
0.0353929 	399.255
0.0354286 	399.281
0.0354643 	399.281
0.0355 	398.752
0.0355357 	398.752
0.0355714 	398.854
0.0356072 	398.854
0.0356429 	398.316
0.0356786 	398.316
0.0357143 	396.746
0.03575 	396.746
0.0357857 	397.78
0.0358214 	397.78
0.0358571 	406.329
0.0358929 	406.329
0.0359286 	406.451
0.0359643 	406.451
0.036 	397.339
0.0360357 	397.339
0.0360714 	396.468
0.0361072 	396.468
0.0361429 	396.844
0.0361786 	396.844
0.0362143 	395.029
0.03625 	395.029
0.0362857 	396.959
0.0363214 	396.959
0.0363571 	396.478
0.0363929 	396.478
0.0364286 	396.331
0.0364643 	396.331
0.0365 	395.867
0.0365357 	395.867
0.0365714 	396.153
0.0366072 	396.153
0.0366429 	395.567
0.0366786 	395.567
0.0367143 	393.903
0.03675 	393.903
0.0367857 	394.817
0.0368214 	394.817
0.0368571 	401.201
0.0368929 	401.201
0.0369286 	401.543
0.0369643 	401.543
0.037 	394.365
0.0370357 	394.365
0.0370714 	393.613
0.0371072 	393.613
0.0371429 	393.94
0.0371786 	393.94
0.0372143 	392.26
0.03725 	392.26
0.0372857 	393.745
0.0373214 	393.745
0.0373571 	393.54
0.0373929 	393.54
0.0374286 	391.721
0.0374643 	391.721
0.0375 	402.875
0.0375357 	402.875
0.0375714 	396.537
0.0376072 	396.537
0.0376429 	405.954
0.0376786 	405.954
0.0377143 	400.249
0.03775 	400.249
0.0377857 	401.844
0.0378214 	401.844
0.0378571 	401.047
0.0378929 	401.047
0.0379286 	401.233
0.0379643 	401.233
0.038 	401.026
0.0380357 	401.026
0.0380714 	400.465
0.0381072 	400.465
0.0381429 	401.01
0.0381786 	401.01
0.0382143 	398.997
0.03825 	398.997
0.0382857 	399.714
0.0383214 	399.714
0.0383571 	401.09
0.0383929 	401.09
0.0384286 	399.133
0.0384643 	399.133
0.0385 	400.35
0.0385357 	400.35
0.0385714 	400.289
0.0386071 	400.289
0.0386429 	400.153
0.0386786 	400.153
0.0387143 	398.29
0.03875 	398.29
0.0387857 	399.862
0.0388214 	399.862
0.0388571 	398.752
0.0388929 	398.752
0.0389286 	399.6
0.0389643 	399.6
0.039 	399.262
0.0390357 	399.262
0.0390714 	398.627
0.0391072 	398.627
0.0391429 	399.033
0.0391786 	399.033
0.0392143 	397.218
0.03925 	397.218
0.0392857 	399.065
0.0393214 	399.065
0.0393571 	399.046
0.0393929 	399.046
0.0394286 	398.842
0.0394643 	398.842
0.0395 	400.213
0.0395357 	400.213
0.0395714 	398.697
0.0396072 	398.697
0.0396429 	395.933
0.0396786 	395.933
0.0397143 	393.458
0.03975 	393.458
0.0397857 	389.961
0.0398214 	389.961
0.0398571 	391.461
0.0398929 	391.461
0.0399286 	387.289
