7.27919e-23 	323.958
3.57e-05 	323.958
7.14e-05 	323.618
0.00010715 	323.618
0.0001429 	317.152
0.0001786 	317.152
0.0002143 	317.152
0.00025 	317.152
0.0002857 	323.511
0.0003214 	323.511
0.0003571 	326.339
0.00039285 	326.339
0.0004286 	326.603
0.0004643 	326.603
0.0005 	327.031
0.0005357 	327.031
0.0005714 	327.014
0.00060715 	327.014
0.0006429 	327.021
0.0006786 	327.021
0.0007143 	326.573
0.00075 	326.573
0.0007857 	327.014
0.0008214 	327.014
0.0008571 	326.876
0.00089285 	326.876
0.0009286 	327.003
0.0009643 	327.003
0.001 	327.005
0.0010357 	327.005
0.0010714 	326.935
0.00110715 	326.935
0.0011429 	327.076
0.0011786 	327.076
0.0012143 	326.69
0.00125 	326.69
0.0012857 	327.147
0.0013214 	327.147
0.0013571 	327.2
0.00139285 	327.2
0.0014286 	327.21
0.0014643 	327.21
0.0015 	327.242
0.0015357 	327.242
0.0015714 	327.233
0.00160715 	327.233
0.0016429 	327.239
0.0016786 	327.239
0.0017143 	326.713
0.00175 	326.713
0.0017857 	327.153
0.0018214 	327.153
0.0018571 	327.016
0.00189285 	327.016
0.0019286 	327.144
0.0019643 	327.144
0.002 	327.145
0.0020357 	327.145
0.0020714 	327.078
0.00210715 	327.078
0.0021429 	327.216
0.0021786 	327.216
0.0022143 	326.832
0.00225 	326.832
0.0022857 	327.289
0.0023214 	327.289
0.0023571 	327.345
0.00239285 	327.345
0.0024286 	327.353
0.0024643 	327.353
0.0025 	327.383
0.0025357 	327.383
0.0025714 	327.375
0.00260715 	327.375
0.0026429 	327.384
0.0026786 	327.384
0.0027143 	326.93
0.00275 	326.93
0.0027857 	327.375
0.0028214 	327.375
0.0028571 	327.238
0.00289285 	327.238
0.0029286 	327.369
0.0029643 	327.369
0.003 	327.372
0.0030357 	327.372
0.0030714 	327.308
0.00310715 	327.308
0.0031429 	327.451
0.0031786 	327.451
0.0032143 	327.063
0.00325 	327.063
0.0032857 	327.525
0.0033214 	327.525
0.0033571 	327.581
0.00339285 	327.581
0.0034286 	327.589
0.0034643 	327.589
0.0035 	327.623
0.0035357 	327.623
0.0035714 	327.617
0.00360715 	327.617
0.0036429 	327.628
0.0036786 	327.628
0.0037143 	327.169
0.00375 	327.169
0.0037857 	327.623
0.0038214 	327.623
0.0038571 	327.48
0.00389285 	327.48
0.0039286 	327.613
0.0039643 	327.613
0.004 	327.615
0.0040357 	327.615
0.0040714 	327.549
0.00410715 	327.549
0.0041429 	327.697
0.0041786 	327.697
0.0042143 	327.305
0.00425 	327.305
0.0042857 	327.769
0.0043214 	327.769
0.0043571 	327.827
0.00439285 	327.827
0.0044286 	327.836
0.0044643 	327.836
0.0045 	327.87
0.0045357 	327.87
0.0045714 	327.864
0.00460715 	327.864
0.0046429 	327.876
0.0046786 	327.876
0.0047143 	327.412
0.00475 	327.412
0.0047857 	327.872
0.0048214 	327.872
0.0048571 	327.726
0.00489285 	327.726
0.0049286 	327.86
0.0049643 	327.86
0.005 	327.861
0.0050357 	327.861
0.0050714 	327.794
0.00510715 	327.794
0.0051429 	327.941
0.0051786 	327.941
0.0052143 	327.544
0.00525 	327.544
0.0052857 	328.017
0.0053214 	328.017
0.0053571 	328.075
0.00539285 	328.075
0.0054286 	328.083
0.0054643 	328.083
0.0055 	328.119
0.0055357 	328.119
0.0055714 	328.11
0.00560715 	328.11
0.0056429 	328.12
0.0056786 	328.12
0.0057143 	327.551
0.00575 	327.551
0.0057857 	328.015
0.0058214 	328.015
0.0058571 	327.973
0.00589285 	327.973
0.0059286 	328.109
0.0059643 	328.109
0.006 	328.008
0.0060357 	328.008
0.0060714 	327.939
0.00610715 	327.939
0.0061429 	328.085
0.0061786 	328.085
0.0062143 	327.689
0.00625 	327.689
0.0062857 	328.161
0.0063214 	328.161
0.0063571 	328.221
0.00639285 	328.221
0.0064286 	328.23
0.0064643 	328.23
0.0065 	328.268
0.0065357 	328.268
0.0065714 	328.262
0.00660715 	328.262
0.0066429 	328.279
0.0066786 	328.279
0.0067143 	327.81
0.00675 	327.81
0.0067857 	328.28
0.0068214 	328.28
0.0068571 	328.136
0.00689285 	328.136
0.0069286 	328.274
0.0069643 	328.274
0.007 	328.275
0.0070357 	328.275
0.0070714 	328.208
0.00710715 	328.208
0.0071429 	328.356
0.0071786 	328.356
0.0072143 	327.956
0.00725 	327.956
0.0072857 	328.433
0.0073214 	328.433
0.0073571 	328.492
0.00739285 	328.492
0.0074286 	328.5
0.0074643 	328.5
0.0075 	328.536
0.0075357 	328.536
0.0075714 	328.527
0.00760715 	328.527
0.0076429 	328.541
0.0076786 	328.541
0.0077143 	328.065
0.00775 	328.065
0.0077857 	328.544
0.0078214 	328.544
0.0078571 	328.4
0.00789285 	328.4
0.0079286 	328.542
0.0079643 	328.542
0.008 	328.544
0.0080357 	328.544
0.0080714 	328.477
0.00810715 	328.477
0.0081429 	328.627
0.0081786 	328.627
0.0082143 	328.222
0.00825 	328.222
0.0082857 	328.705
0.0083214 	328.705
0.0083571 	328.765
0.00839285 	328.765
0.0084286 	328.774
0.0084643 	328.774
0.0085 	328.811
0.0085357 	328.811
0.0085714 	328.803
0.00860715 	328.803
0.0086429 	328.82
0.0086786 	328.82
0.0087143 	328.338
0.00875 	328.338
0.0087857 	328.821
0.0088214 	328.821
0.0088571 	328.674
0.00889285 	328.674
0.0089286 	328.816
0.0089643 	328.816
0.009 	328.818
0.0090357 	328.818
0.0090714 	328.752
0.00910715 	328.752
0.0091429 	328.902
0.0091786 	328.902
0.0092143 	328.495
0.00925 	328.495
0.0092857 	329.085
0.0093214 	329.085
0.0093571 	329.148
0.00939285 	329.148
0.0094286 	329.158
0.0094643 	329.158
0.0095 	329.194
0.0095357 	329.194
0.0095714 	329.089
0.00960715 	329.089
0.0096429 	329.1
0.0096786 	329.1
0.0097143 	328.477
0.00975 	328.477
0.0097857 	328.956
0.0098214 	328.956
0.0098571 	328.808
0.00989285 	328.808
0.0099286 	328.951
0.0099643 	328.951
0.01 	328.953
0.0100357 	328.953
0.0100714 	328.89
0.0101071 	328.89
0.0101429 	329.038
0.0101786 	329.038
0.0102143 	328.632
0.01025 	328.632
0.0102857 	329.122
0.0103214 	329.122
0.0103571 	329.186
0.0103929 	329.186
0.0104286 	329.195
0.0104643 	329.195
0.0105 	329.237
0.0105357 	329.237
0.0105714 	329.229
0.0106071 	329.229
0.0106429 	329.251
0.0106786 	329.251
0.0107143 	328.76
0.01075 	328.76
0.0107857 	329.25
0.0108214 	329.25
0.0108571 	329.21
0.0108929 	329.21
0.0109286 	329.359
0.0109643 	329.359
0.011 	329.361
0.0110357 	329.361
0.0110714 	329.288
0.0111071 	329.288
0.0111429 	329.332
0.0111786 	329.332
0.0112143 	328.923
0.01125 	328.923
0.0112857 	329.561
0.0113214 	329.561
0.0113571 	329.629
0.0113929 	329.629
0.0114286 	329.638
0.0114643 	329.638
0.0115 	329.682
0.0115357 	329.682
0.0115714 	329.674
0.0116071 	329.674
0.0116429 	329.695
0.0116786 	329.695
0.0117143 	329.196
0.01175 	329.196
0.0117857 	329.701
0.0118214 	329.701
0.0118571 	329.545
0.0118929 	329.545
0.0119286 	329.694
0.0119643 	329.694
0.012 	329.696
0.0120357 	329.696
0.0120714 	329.632
0.0121071 	329.632
0.0121429 	329.795
0.0121786 	329.795
0.0122143 	329.37
0.01225 	329.37
0.0122857 	329.878
0.0123214 	329.878
0.0123571 	329.943
0.0123929 	329.943
0.0124286 	329.953
0.0124643 	329.953
0.0125 	329.997
0.0125357 	329.997
0.0125714 	329.991
0.0126071 	329.991
0.0126429 	330.014
0.0126786 	330.014
0.0127143 	329.509
0.01275 	329.509
0.0127857 	330.021
0.0128214 	330.021
0.0128571 	329.861
0.0128929 	329.861
0.0129286 	330.013
0.0129643 	330.013
0.013 	330.016
0.0130357 	330.016
0.0130714 	329.945
0.0131071 	329.945
0.0131429 	329.965
0.0131786 	329.965
0.0132143 	329.54
0.01325 	329.54
0.0132857 	330.048
0.0133214 	330.048
0.0133571 	330.114
0.0133929 	330.114
0.0134286 	330.124
0.0134643 	330.124
0.0135 	330.172
0.0135357 	330.172
0.0135714 	330.163
0.0136071 	330.163
0.0136429 	330.188
0.0136786 	330.188
0.0137143 	329.686
0.01375 	329.686
0.0137857 	330.199
0.0138214 	330.199
0.0138571 	330.043
0.0138929 	330.043
0.0139286 	330.197
0.0139643 	330.197
0.014 	330.199
0.0140357 	330.199
0.0140714 	330.138
0.0141071 	330.138
0.0141429 	330.301
0.0141786 	330.301
0.0142143 	329.877
0.01425 	329.877
0.0142857 	330.39
0.0143214 	330.39
0.0143571 	330.462
0.0143929 	330.462
0.0144286 	330.471
0.0144643 	330.471
0.0145 	330.525
0.0145357 	330.525
0.0145714 	330.813
0.0146071 	330.813
0.0146429 	330.842
0.0146786 	330.842
0.0147143 	330.318
0.01475 	330.318
0.0147857 	330.855
0.0148214 	330.855
0.0148571 	330.686
0.0148929 	330.686
0.0149286 	330.845
0.0149643 	330.845
0.015 	330.849
0.0150357 	330.849
0.0150714 	330.767
0.0151071 	330.767
0.0151429 	330.648
0.0151786 	330.648
0.0152143 	330.215
0.01525 	330.215
0.0152857 	331.032
0.0153214 	331.032
0.0153571 	331.108
0.0153929 	331.108
0.0154286 	331.134
0.0154643 	331.134
0.0155 	331.181
0.0155357 	331.181
0.0155714 	331.174
0.0156071 	331.174
0.0156429 	331.198
0.0156786 	331.198
0.0157143 	330.666
0.01575 	330.666
0.0157857 	331.211
0.0158214 	331.211
0.0158571 	331.042
0.0158929 	331.042
0.0159286 	331.202
0.0159643 	331.202
0.016 	331.206
0.0160357 	331.206
0.0160714 	331.132
0.0161071 	331.132
0.0161429 	331.311
0.0161786 	331.311
0.0162143 	330.849
0.01625 	330.849
0.0162857 	331.392
0.0163214 	331.392
0.0163571 	331.459
0.0163929 	331.459
0.0164286 	331.472
0.0164643 	331.472
0.0165 	331.516
0.0165357 	331.516
0.0165714 	331.511
0.0166071 	331.511
0.0166429 	331.535
0.0166786 	331.535
0.0167143 	330.99
0.01675 	330.99
0.0167857 	331.542
0.0168214 	331.542
0.0168571 	331.369
0.0168929 	331.369
0.0169286 	331.533
0.0169643 	331.533
0.017 	331.538
0.0170357 	331.538
0.0170714 	331.462
0.0171071 	331.462
0.0171429 	331.647
0.0171786 	331.647
0.0172143 	331.182
0.01725 	331.182
0.0172857 	331.735
0.0173214 	331.735
0.0173571 	331.804
0.0173929 	331.804
0.0174286 	331.817
0.0174643 	331.817
0.0175 	331.865
0.0175357 	331.865
0.0175714 	331.862
0.0176071 	331.862
0.0176429 	331.888
0.0176786 	331.888
0.0177143 	331.343
0.01775 	331.343
0.0177857 	331.905
0.0178214 	331.905
0.0178571 	331.729
0.0178929 	331.729
0.0179286 	331.895
0.0179643 	331.895
0.018 	331.901
0.0180357 	331.901
0.0180714 	331.83
0.0181071 	331.83
0.0181429 	332.014
0.0181786 	332.014
0.0182143 	331.541
0.01825 	331.541
0.0182857 	332.1
0.0183214 	332.1
0.0183571 	332.17
0.0183929 	332.17
0.0184286 	332.185
0.0184643 	332.185
0.0185 	332.235
0.0185357 	332.235
0.0185714 	332.231
0.0186071 	332.231
0.0186429 	332.26
0.0186786 	332.26
0.0187143 	331.709
0.01875 	331.709
0.0187857 	332.278
0.0188214 	332.278
0.0188571 	332.098
0.0188929 	332.098
0.0189286 	332.267
0.0189643 	332.267
0.019 	332.271
0.0190357 	332.271
0.0190714 	332.199
0.0191071 	332.199
0.0191429 	332.387
0.0191786 	332.387
0.0192143 	331.911
0.01925 	331.911
0.0192857 	332.479
0.0193214 	332.479
0.0193571 	332.552
0.0193929 	332.552
0.0194286 	332.565
0.0194643 	332.565
0.0195 	332.619
0.0195357 	332.619
0.0195714 	332.613
0.0196071 	332.613
0.0196429 	332.643
0.0196786 	332.643
0.0197143 	332.084
0.01975 	332.084
0.0197857 	332.662
0.0198214 	332.662
0.0198571 	332.482
0.0198929 	332.482
0.0199286 	332.654
0.0199643 	332.654
0.02 	332.658
0.0200357 	332.658
0.0200714 	332.585
0.0201071 	332.585
0.0201429 	332.776
0.0201786 	332.776
0.0202143 	332.291
0.02025 	332.291
0.0202857 	332.869
0.0203214 	332.869
0.0203571 	332.945
0.0203929 	332.945
0.0204286 	332.959
0.0204643 	332.959
0.0205 	333.01
0.0205357 	333.01
0.0205714 	333.007
0.0206071 	333.007
0.0206429 	333.038
0.0206786 	333.038
0.0207143 	332.47
0.02075 	332.47
0.0207857 	333.056
0.0208214 	333.056
0.0208571 	332.873
0.0208929 	332.873
0.0209286 	333.049
0.0209643 	333.049
0.021 	333.057
0.0210357 	333.057
0.0210714 	332.984
0.0211071 	332.984
0.0211429 	333.181
0.0211786 	333.181
0.0212143 	332.693
0.02125 	332.693
0.0212857 	333.277
0.0213214 	333.277
0.0213571 	333.354
0.0213929 	333.354
0.0214286 	333.368
0.0214643 	333.368
0.0215 	333.423
0.0215357 	333.423
0.0215714 	333.419
0.0216071 	333.419
0.0216429 	333.451
0.0216786 	333.451
0.0217143 	332.875
0.02175 	332.875
0.0217857 	333.474
0.0218214 	333.474
0.0218571 	333.289
0.0218929 	333.289
0.0219286 	333.468
0.0219643 	333.468
0.022 	333.475
0.0220357 	333.475
0.0220714 	333.405
0.0221071 	333.405
0.0221429 	333.607
0.0221786 	333.607
0.0222143 	333.112
0.02225 	333.112
0.0222857 	333.707
0.0223214 	333.707
0.0223571 	333.787
0.0223929 	333.787
0.0224286 	333.802
0.0224643 	333.802
0.0225 	333.859
0.0225357 	333.859
0.0225714 	333.853
0.0226071 	333.853
0.0226429 	333.887
0.0226786 	333.887
0.0227143 	333.304
0.02275 	333.304
0.0227857 	333.913
0.0228214 	333.913
0.0228571 	333.718
0.0228929 	333.718
0.0229286 	333.901
0.0229643 	333.901
0.023 	333.908
0.0230357 	333.908
0.0230714 	333.832
0.0231071 	333.832
0.0231429 	334.036
0.0231786 	334.036
0.0232143 	333.534
0.02325 	333.534
0.0232857 	334.137
0.0233214 	334.137
0.0233571 	334.218
0.0233929 	334.218
0.0234286 	334.232
0.0234643 	334.232
0.0235 	334.292
0.0235357 	334.292
0.0235714 	334.29
0.0236071 	334.29
0.0236429 	334.327
0.0236786 	334.327
0.0237143 	333.735
0.02375 	333.735
0.0237857 	334.358
0.0238214 	334.358
0.0238571 	334.167
0.0238929 	334.167
0.0239286 	334.353
0.0239643 	334.353
0.024 	334.36
0.0240357 	334.36
0.0240714 	334.287
0.0241071 	334.287
0.0241429 	334.494
0.0241786 	334.494
0.0242143 	333.984
0.02425 	333.984
0.0242857 	334.599
0.0243214 	334.599
0.0243571 	334.684
0.0243929 	334.684
0.0244286 	334.699
0.0244643 	334.699
0.0245 	334.761
0.0245357 	334.761
0.0245714 	334.758
0.0246071 	334.758
0.0246429 	334.8
0.0246786 	334.8
0.0247143 	334.199
0.02475 	334.199
0.0247857 	334.831
0.0248214 	334.831
0.0248571 	334.638
0.0248929 	334.638
0.0249286 	334.83
0.0249643 	334.83
0.025 	334.838
0.0250357 	334.838
0.0250714 	334.766
0.0251071 	334.766
0.0251429 	334.977
0.0251786 	334.977
0.0252143 	334.461
0.02525 	334.461
0.0252857 	335.086
0.0253214 	335.086
0.0253571 	335.174
0.0253929 	335.174
0.0254286 	335.189
0.0254643 	335.189
0.0255 	335.255
0.0255357 	335.255
0.0255714 	335.25
0.0256071 	335.25
0.0256429 	335.292
0.0256786 	335.292
0.0257143 	334.645
0.02575 	334.645
0.0257857 	335.291
0.0258214 	335.291
0.0258571 	335.094
0.0258929 	335.094
0.0259286 	335.291
0.0259643 	335.291
0.026 	335.299
0.0260357 	335.299
0.0260714 	335.232
0.0261071 	335.232
0.0261429 	335.446
0.0261786 	335.446
0.0262143 	334.924
0.02625 	334.924
0.0262857 	335.558
0.0263214 	335.558
0.0263571 	335.647
0.0263929 	335.647
0.0264286 	335.658
0.0264643 	335.658
0.0265 	335.725
0.0265357 	335.725
0.0265714 	335.722
0.0266071 	335.722
0.0266429 	335.768
0.0266786 	335.768
0.0267143 	335.15
0.02675 	335.15
0.0267857 	335.805
0.0268214 	335.805
0.0268571 	335.604
0.0268929 	335.604
0.0269286 	335.805
0.0269643 	335.805
0.027 	335.815
0.0270357 	335.815
0.0270714 	335.747
0.0271071 	335.747
0.0271429 	335.967
0.0271786 	335.967
0.0272143 	335.438
0.02725 	335.438
0.0272857 	336.084
0.0273214 	336.084
0.0273571 	336.177
0.0273929 	336.177
0.0274286 	336.193
0.0274643 	336.193
0.0275 	336.267
0.0275357 	336.267
0.0275714 	336.264
0.0276071 	336.264
0.0276429 	336.315
0.0276786 	336.315
0.0277143 	335.684
0.02775 	335.684
0.0277857 	336.358
0.0278214 	336.358
0.0278571 	336.152
0.0278929 	336.152
0.0279286 	336.357
0.0279643 	336.357
0.028 	336.366
0.0280357 	336.366
0.0280714 	336.3
0.0281071 	336.3
0.0281429 	336.528
0.0281786 	336.528
0.0282143 	335.988
0.02825 	335.988
0.0282857 	336.644
0.0283214 	336.644
0.0283571 	336.74
0.0283929 	336.74
0.0284286 	336.757
0.0284643 	336.757
0.0285 	336.832
0.0285357 	336.832
0.0285714 	336.831
0.0286071 	336.831
0.0286429 	336.886
0.0286786 	336.886
0.0287143 	336.245
0.02875 	336.245
0.0287857 	336.933
0.0288214 	336.933
0.0288571 	336.725
0.0288929 	336.725
0.0289286 	336.938
0.0289643 	336.938
0.029 	336.946
0.0290357 	336.946
0.0290714 	336.882
0.0291071 	336.882
0.0291429 	337.11
0.0291786 	337.11
0.0292143 	336.565
0.02925 	336.565
0.0292857 	337.234
0.0293214 	337.234
0.0293571 	337.335
0.0293929 	337.335
0.0294286 	337.351
0.0294643 	337.351
0.0295 	337.431
0.0295357 	337.431
0.0295714 	337.427
0.0296071 	337.427
0.0296429 	337.484
0.0296786 	337.484
0.0297143 	336.83
0.02975 	336.83
0.0297857 	337.536
0.0298214 	337.536
0.0298571 	337.326
0.0298929 	337.326
0.0299286 	337.545
0.0299643 	337.545
0.03 	337.555
0.0300357 	337.555
0.0300714 	337.494
0.0301071 	337.494
0.0301429 	337.728
0.0301786 	337.728
0.0302143 	337.173
0.03025 	337.173
0.0302857 	337.855
0.0303214 	337.855
0.0303571 	337.962
0.0303928 	337.962
0.0304286 	337.98
0.0304643 	337.98
0.0305 	338.062
0.0305357 	338.062
0.0305714 	338.062
0.0306071 	338.062
0.0306429 	338.124
0.0306786 	338.124
0.0307143 	337.459
0.03075 	337.459
0.0307857 	338.181
0.0308214 	338.181
0.0308571 	337.962
0.0308928 	337.962
0.0309286 	338.19
0.0309643 	338.19
0.031 	338.204
0.0310357 	338.204
0.0310714 	338.146
0.0311072 	338.146
0.0311429 	338.387
0.0311786 	338.387
0.0312143 	337.826
0.03125 	337.826
0.0312857 	338.523
0.0313214 	338.523
0.0313571 	338.634
0.0313928 	338.634
0.0314286 	338.654
0.0314643 	338.654
0.0315 	338.746
0.0315357 	338.746
0.0315714 	338.742
0.0316072 	338.742
0.0316429 	338.809
0.0316786 	338.809
0.0317143 	338.129
0.03175 	338.129
0.0317857 	338.87
0.0318214 	338.87
0.0318571 	338.653
0.0318929 	338.653
0.0319286 	338.885
0.0319643 	338.885
0.032 	338.897
0.0320357 	338.897
0.0320714 	338.841
0.0321072 	338.841
0.0321429 	339.088
0.0321786 	339.088
0.0322143 	338.515
0.03225 	338.515
0.0322857 	339.229
0.0323214 	339.229
0.0323571 	339.348
0.0323929 	339.348
0.0324286 	339.369
0.0324643 	339.369
0.0325 	339.463
0.0325357 	339.463
0.0325714 	339.46
0.0326072 	339.46
0.0326429 	339.498
0.0326786 	339.498
0.0327143 	337.139
0.03275 	337.139
0.0327857 	337.747
0.0328214 	337.747
0.0328571 	339.339
0.0328929 	339.339
0.0329286 	339.584
0.0329643 	339.584
0.033 	337.83
0.0330357 	337.83
0.0330714 	337.715
0.0331072 	337.715
0.0331429 	337.931
0.0331786 	337.931
0.0332143 	337.427
0.03325 	337.427
0.0332857 	338.107
0.0333214 	338.107
0.0333571 	338.132
0.0333929 	338.132
0.0334286 	336.013
0.0334643 	336.013
0.0335 	335.933
0.0335357 	335.933
0.0335714 	336.017
0.0336072 	336.017
0.0336429 	335.971
0.0336786 	335.971
0.0337143 	335.415
0.03375 	335.415
0.0337857 	335.872
0.0338214 	335.872
0.0338571 	339.888
0.0338929 	339.888
0.0339286 	340.143
0.0339643 	340.143
0.034 	341.662
0.0340357 	341.662
0.0340714 	447.073
0.0341072 	447.073
0.0341429 	498.697
0.0341786 	498.697
0.0342143 	758.798
0.03425 	758.798
0.0342857 	789.627
0.0343214 	789.627
0.0343571 	778.07
0.0343929 	778.07
0.0344286 	761.468
0.0344643 	761.468
0.0345 	698.631
0.0345357 	698.631
0.0345714 	694.921
0.0346072 	694.921
0.0346429 	656.626
0.0346786 	656.626
0.0347143 	634.555
0.03475 	634.555
0.0347857 	615.588
0.0348214 	615.588
0.0348571 	618.377
0.0348929 	618.377
0.0349286 	596.913
0.0349643 	596.913
0.035 	584.527
0.0350357 	584.527
0.0350714 	570.838
0.0351072 	570.838
0.0351429 	576.258
0.0351786 	576.258
0.0352143 	556.367
0.03525 	556.367
0.0352857 	553.099
0.0353214 	553.099
0.0353571 	543.042
0.0353929 	543.042
0.0354286 	541.035
0.0354643 	541.035
0.0355 	531.522
0.0355357 	531.522
0.0355714 	530.516
0.0356072 	530.516
0.0356429 	522.082
0.0356786 	522.082
0.0357143 	516.516
0.03575 	516.516
0.0357857 	514.431
0.0358214 	514.431
0.0358571 	523.322
0.0358929 	523.322
0.0359286 	517.535
0.0359643 	517.535
0.036 	504.957
0.0360357 	504.957
0.0360714 	499.841
0.0361072 	499.841
0.0361429 	499.874
0.0361786 	499.874
0.0362143 	491.139
0.03625 	491.139
0.0362857 	494.157
0.0363214 	494.157
0.0363571 	490.185
0.0363929 	490.185
0.0364286 	489.222
0.0364643 	489.222
0.0365 	485.019
0.0365357 	485.019
0.0365714 	484.819
0.0366072 	484.819
0.0366429 	480.669
0.0366786 	480.669
0.0367143 	476.823
0.03675 	476.823
0.0367857 	476.549
0.0368214 	476.549
0.0368571 	483.684
0.0368929 	483.684
0.0369286 	481.329
0.0369643 	481.329
0.037 	471.784
0.0370357 	471.784
0.0370714 	468.767
0.0371072 	468.767
0.0371429 	469.066
0.0371786 	469.066
0.0372143 	463.344
0.03725 	463.344
0.0372857 	465.963
0.0373214 	465.963
0.0373571 	463.658
0.0373929 	463.658
0.0374286 	461.126
0.0374643 	461.126
0.0375 	472.898
0.0375357 	472.898
0.0375714 	464.765
0.0376072 	464.765
0.0376429 	474.566
0.0376786 	474.566
0.0377143 	466.548
0.03775 	466.548
0.0377857 	468.149
0.0378214 	468.149
0.0378571 	466.47
0.0378929 	466.47
0.0379286 	465.125
0.0379643 	465.125
0.038 	464.659
0.0380357 	464.659
0.0380714 	462.672
0.0381072 	462.672
0.0381429 	463.382
0.0381786 	463.382
0.0382143 	458.562
0.03825 	458.562
0.0382857 	459.979
0.0383214 	459.979
0.0383571 	460.565
0.0383929 	460.565
0.0384286 	457.833
0.0384643 	457.833
0.0385 	458.164
0.0385357 	458.164
0.0385714 	457.907
0.0386071 	457.907
0.0386429 	456.561
0.0386786 	456.561
0.0387143 	453.325
0.03875 	453.325
0.0387857 	455.089
0.0388214 	455.089
0.0388571 	453.264
0.0388929 	453.264
0.0389286 	453.316
0.0389643 	453.316
0.039 	452.698
0.0390357 	452.698
0.0390714 	451.058
0.0391072 	451.058
0.0391429 	451.643
0.0391786 	451.643
0.0392143 	447.785
0.03925 	447.785
0.0392857 	450.501
0.0393214 	450.501
0.0393571 	449.721
0.0393929 	449.721
0.0394286 	449.23
0.0394643 	449.23
0.0395 	450.222
0.0395357 	450.222
0.0395714 	448.26
0.0396072 	448.26
0.0396429 	443.884
0.0396786 	443.884
0.0397143 	440.072
0.03975 	440.072
0.0397857 	433.079
0.0398214 	433.079
0.0398571 	432.865
0.0398929 	432.865
0.0399286 	415.605
