1.45584e-22 	316.912
7.145e-05 	316.912
0.0001429 	316.237
0.0001786 	316.237
0.0002143 	316.239
0.00025 	316.239
0.0002857 	321.999
0.0003214 	321.999
0.0003571 	324.561
0.00039285 	324.561
0.0004286 	324.823
0.0004643 	324.823
0.0005 	325.211
0.0005357 	325.211
0.0005714 	325.194
0.00060715 	325.194
0.0006429 	325.196
0.0006786 	325.196
0.0007143 	324.786
0.00075 	324.786
0.0007857 	325.184
0.0008214 	325.184
0.0008571 	325.06
0.00089285 	325.06
0.0009286 	325.174
0.0009643 	325.174
0.001 	325.175
0.0010357 	325.175
0.0010714 	325.11
0.00110715 	325.11
0.0011429 	325.233
0.0011786 	325.233
0.0012143 	324.882
0.00125 	324.882
0.0012857 	325.299
0.0013214 	325.299
0.0013571 	325.348
0.00139285 	325.348
0.0014286 	325.356
0.0014643 	325.356
0.0015 	325.384
0.0015357 	325.384
0.0015714 	325.374
0.00160715 	325.374
0.0016429 	325.375
0.0016786 	325.375
0.0017143 	324.869
0.00175 	324.869
0.0017857 	325.264
0.0018214 	325.264
0.0018571 	325.142
0.00189285 	325.142
0.0019286 	325.257
0.0019643 	325.257
0.002 	325.256
0.0020357 	325.256
0.0020714 	325.193
0.00210715 	325.193
0.0021429 	325.314
0.0021786 	325.314
0.0022143 	324.966
0.00225 	324.966
0.0022857 	325.382
0.0023214 	325.382
0.0023571 	325.434
0.00239285 	325.434
0.0024286 	325.439
0.0024643 	325.439
0.0025 	325.465
0.0025357 	325.465
0.0025714 	325.456
0.00260715 	325.456
0.0026429 	325.46
0.0026786 	325.46
0.0027143 	325.045
0.00275 	325.045
0.0027857 	325.445
0.0028214 	325.445
0.0028571 	325.323
0.00289285 	325.323
0.0029286 	325.441
0.0029643 	325.441
0.003 	325.442
0.0030357 	325.442
0.0030714 	325.382
0.00310715 	325.382
0.0031429 	325.507
0.0031786 	325.507
0.0032143 	325.155
0.00325 	325.155
0.0032857 	325.574
0.0033214 	325.574
0.0033571 	325.626
0.00339285 	325.626
0.0034286 	325.633
0.0034643 	325.633
0.0035 	325.662
0.0035357 	325.662
0.0035714 	325.655
0.00360715 	325.655
0.0036429 	325.661
0.0036786 	325.661
0.0037143 	325.242
0.00375 	325.242
0.0037857 	325.65
0.0038214 	325.65
0.0038571 	325.523
0.00389285 	325.523
0.0039286 	325.641
0.0039643 	325.641
0.004 	325.641
0.0040357 	325.641
0.0040714 	325.58
0.00410715 	325.58
0.0041429 	325.71
0.0041786 	325.71
0.0042143 	325.355
0.00425 	325.355
0.0042857 	325.776
0.0043214 	325.776
0.0043571 	325.829
0.00439285 	325.829
0.0044286 	325.836
0.0044643 	325.836
0.0045 	325.865
0.0045357 	325.865
0.0045714 	325.858
0.00460715 	325.858
0.0046429 	325.864
0.0046786 	325.864
0.0047143 	325.442
0.00475 	325.442
0.0047857 	325.854
0.0048214 	325.854
0.0048571 	325.724
0.00489285 	325.724
0.0049286 	325.843
0.0049643 	325.843
0.005 	325.843
0.0050357 	325.843
0.0050714 	325.78
0.00510715 	325.78
0.0051429 	325.908
0.0051786 	325.908
0.0052143 	325.549
0.00525 	325.549
0.0052857 	325.979
0.0053214 	325.979
0.0053571 	326.031
0.00539285 	326.031
0.0054286 	326.038
0.0054643 	326.038
0.0055 	326.068
0.0055357 	326.068
0.0055714 	326.058
0.00560715 	326.058
0.0056429 	326.062
0.0056786 	326.062
0.0057143 	325.513
0.00575 	325.513
0.0057857 	325.927
0.0058214 	325.927
0.0058571 	325.923
0.00589285 	325.923
0.0059286 	326.045
0.0059643 	326.045
0.006 	325.92
0.0060357 	325.92
0.0060714 	325.855
0.00610715 	325.855
0.0061429 	325.982
0.0061786 	325.982
0.0062143 	325.626
0.00625 	325.626
0.0062857 	326.052
0.0063214 	326.052
0.0063571 	326.106
0.00639285 	326.106
0.0064286 	326.113
0.0064643 	326.113
0.0065 	326.146
0.0065357 	326.146
0.0065714 	326.139
0.00660715 	326.139
0.0066429 	326.15
0.0066786 	326.15
0.0067143 	325.724
0.00675 	325.724
0.0067857 	326.143
0.0068214 	326.143
0.0068571 	326.015
0.00689285 	326.015
0.0069286 	326.138
0.0069643 	326.138
0.007 	326.138
0.0070357 	326.138
0.0070714 	326.076
0.00710715 	326.076
0.0071429 	326.203
0.0071786 	326.203
0.0072143 	325.844
0.00725 	325.844
0.0072857 	326.273
0.0073214 	326.273
0.0073571 	326.327
0.00739285 	326.327
0.0074286 	326.334
0.0074643 	326.334
0.0075 	326.363
0.0075357 	326.363
0.0075714 	326.354
0.00760715 	326.354
0.0076429 	326.362
0.0076786 	326.362
0.0077143 	325.93
0.00775 	325.93
0.0077857 	326.357
0.0078214 	326.357
0.0078571 	326.23
0.00789285 	326.23
0.0079286 	326.355
0.0079643 	326.355
0.008 	326.356
0.0080357 	326.356
0.0080714 	326.294
0.00810715 	326.294
0.0081429 	326.423
0.0081786 	326.423
0.0082143 	326.059
0.00825 	326.059
0.0082857 	326.493
0.0083214 	326.493
0.0083571 	326.548
0.00839285 	326.548
0.0084286 	326.555
0.0084643 	326.555
0.0085 	326.587
0.0085357 	326.587
0.0085714 	326.577
0.00860715 	326.577
0.0086429 	326.588
0.0086786 	326.588
0.0087143 	326.152
0.00875 	326.152
0.0087857 	326.581
0.0088214 	326.581
0.0088571 	326.451
0.00889285 	326.451
0.0089286 	326.577
0.0089643 	326.577
0.009 	326.577
0.0090357 	326.577
0.0090714 	326.516
0.00910715 	326.516
0.0091429 	326.644
0.0091786 	326.644
0.0092143 	326.28
0.00925 	326.28
0.0092857 	326.841
0.0093214 	326.841
0.0093571 	326.9
0.00939285 	326.9
0.0094286 	326.907
0.0094643 	326.907
0.0095 	326.936
0.0095357 	326.936
0.0095714 	326.81
0.00960715 	326.81
0.0096429 	326.812
0.0096786 	326.812
0.0097143 	326.211
0.00975 	326.211
0.0097857 	326.632
0.0098214 	326.632
0.0098571 	326.503
0.00989285 	326.503
0.0099286 	326.628
0.0099643 	326.628
0.01 	326.629
0.0100357 	326.629
0.0100714 	326.571
0.0101071 	326.571
0.0101429 	326.697
0.0101786 	326.697
0.0102143 	326.335
0.01025 	326.335
0.0102857 	326.772
0.0103214 	326.772
0.0103571 	326.83
0.0103929 	326.83
0.0104286 	326.837
0.0104643 	326.837
0.0105 	326.873
0.0105357 	326.873
0.0105714 	326.864
0.0106071 	326.864
0.0106429 	326.878
0.0106786 	326.878
0.0107143 	326.435
0.01075 	326.435
0.0107857 	326.869
0.0108214 	326.869
0.0108571 	326.867
0.0108929 	326.867
0.0109286 	326.999
0.0109643 	326.999
0.011 	326.999
0.0110357 	326.999
0.0110714 	326.93
0.0111071 	326.93
0.0111429 	326.932
0.0111786 	326.932
0.0112143 	326.569
0.01125 	326.569
0.0112857 	327.18
0.0113214 	327.18
0.0113571 	327.243
0.0113929 	327.243
0.0114286 	327.25
0.0114643 	327.25
0.0115 	327.286
0.0115357 	327.286
0.0115714 	327.277
0.0116071 	327.277
0.0116429 	327.29
0.0116786 	327.29
0.0117143 	326.84
0.01175 	326.84
0.0117857 	327.288
0.0118214 	327.288
0.0118571 	327.149
0.0118929 	327.149
0.0119286 	327.281
0.0119643 	327.281
0.012 	327.28
0.0120357 	327.28
0.0120714 	327.22
0.0121071 	327.22
0.0121429 	327.361
0.0121786 	327.361
0.0122143 	326.98
0.01225 	326.98
0.0122857 	327.435
0.0123214 	327.435
0.0123571 	327.493
0.0123929 	327.493
0.0124286 	327.501
0.0124643 	327.501
0.0125 	327.537
0.0125357 	327.537
0.0125714 	327.529
0.0126071 	327.529
0.0126429 	327.545
0.0126786 	327.545
0.0127143 	327.089
0.01275 	327.089
0.0127857 	327.542
0.0128214 	327.542
0.0128571 	327.4
0.0128929 	327.4
0.0129286 	327.534
0.0129643 	327.534
0.013 	327.534
0.0130357 	327.534
0.0130714 	327.467
0.0131071 	327.467
0.0131429 	327.437
0.0131786 	327.437
0.0132143 	327.058
0.01325 	327.058
0.0132857 	327.509
0.0133214 	327.509
0.0133571 	327.569
0.0133929 	327.569
0.0134286 	327.576
0.0134643 	327.576
0.0135 	327.616
0.0135357 	327.616
0.0135714 	327.606
0.0136071 	327.606
0.0136429 	327.623
0.0136786 	327.623
0.0137143 	327.174
0.01375 	327.174
0.0137857 	327.626
0.0138214 	327.626
0.0138571 	327.489
0.0138929 	327.489
0.0139286 	327.623
0.0139643 	327.623
0.014 	327.623
0.0140357 	327.623
0.0140714 	327.566
0.0141071 	327.566
0.0141429 	327.706
0.0141786 	327.706
0.0142143 	327.329
0.01425 	327.329
0.0142857 	327.784
0.0143214 	327.784
0.0143571 	327.849
0.0143929 	327.849
0.0144286 	327.855
0.0144643 	327.855
0.0145 	327.904
0.0145357 	327.904
0.0145714 	328.249
0.0146071 	328.249
0.0146429 	328.272
0.0146786 	328.272
0.0147143 	327.799
0.01475 	327.799
0.0147857 	328.275
0.0148214 	328.275
0.0148571 	328.124
0.0148929 	328.124
0.0149286 	328.263
0.0149643 	328.263
0.015 	328.265
0.0150357 	328.265
0.0150714 	328.183
0.0151071 	328.183
0.0151429 	327.983
0.0151786 	327.983
0.0152143 	327.599
0.01525 	327.599
0.0152857 	328.415
0.0153214 	328.415
0.0153571 	328.484
0.0153929 	328.484
0.0154286 	328.512
0.0154643 	328.512
0.0155 	328.549
0.0155357 	328.549
0.0155714 	328.542
0.0156071 	328.542
0.0156429 	328.555
0.0156786 	328.555
0.0157143 	328.076
0.01575 	328.076
0.0157857 	328.558
0.0158214 	328.558
0.0158571 	328.407
0.0158929 	328.407
0.0159286 	328.547
0.0159643 	328.547
0.016 	328.549
0.0160357 	328.549
0.0160714 	328.477
0.0161071 	328.477
0.0161429 	328.633
0.0161786 	328.633
0.0162143 	328.216
0.01625 	328.216
0.0162857 	328.702
0.0163214 	328.702
0.0163571 	328.759
0.0163929 	328.759
0.0164286 	328.769
0.0164643 	328.769
0.0165 	328.804
0.0165357 	328.804
0.0165714 	328.797
0.0166071 	328.797
0.0166429 	328.811
0.0166786 	328.811
0.0167143 	328.317
0.01675 	328.317
0.0167857 	328.804
0.0168214 	328.804
0.0168571 	328.65
0.0168929 	328.65
0.0169286 	328.792
0.0169643 	328.792
0.017 	328.795
0.0170357 	328.795
0.0170714 	328.721
0.0171071 	328.721
0.0171429 	328.883
0.0171786 	328.883
0.0172143 	328.463
0.01725 	328.463
0.0172857 	328.957
0.0173214 	328.957
0.0173571 	329.016
0.0173929 	329.016
0.0174286 	329.026
0.0174643 	329.026
0.0175 	329.064
0.0175357 	329.064
0.0175714 	329.059
0.0176071 	329.059
0.0176429 	329.074
0.0176786 	329.074
0.0177143 	328.585
0.01775 	328.585
0.0177857 	329.079
0.0178214 	329.079
0.0178571 	328.923
0.0178929 	328.923
0.0179286 	329.067
0.0179643 	329.067
0.018 	329.07
0.0180357 	329.07
0.0180714 	329
0.0181071 	329
0.0181429 	329.16
0.0181786 	329.16
0.0182143 	328.734
0.01825 	328.734
0.0182857 	329.232
0.0183214 	329.232
0.0183571 	329.291
0.0183929 	329.291
0.0184286 	329.304
0.0184643 	329.304
0.0185 	329.342
0.0185357 	329.342
0.0185714 	329.336
0.0186071 	329.336
0.0186429 	329.353
0.0186786 	329.353
0.0187143 	328.86
0.01875 	328.86
0.0187857 	329.359
0.0188214 	329.359
0.0188571 	329.2
0.0188929 	329.2
0.0189286 	329.345
0.0189643 	329.345
0.019 	329.346
0.0190357 	329.346
0.0190714 	329.275
0.0191071 	329.275
0.0191429 	329.438
0.0191786 	329.438
0.0192143 	329.01
0.01925 	329.01
0.0192857 	329.514
0.0193214 	329.514
0.0193571 	329.575
0.0193929 	329.575
0.0194286 	329.586
0.0194643 	329.586
0.0195 	329.628
0.0195357 	329.628
0.0195714 	329.62
0.0196071 	329.62
0.0196429 	329.638
0.0196786 	329.638
0.0197143 	329.138
0.01975 	329.138
0.0197857 	329.643
0.0198214 	329.643
0.0198571 	329.485
0.0198929 	329.485
0.0199286 	329.632
0.0199643 	329.632
0.02 	329.633
0.0200357 	329.633
0.0200714 	329.56
0.0201071 	329.56
0.0201429 	329.726
0.0201786 	329.726
0.0202143 	329.291
0.02025 	329.291
0.0202857 	329.803
0.0203214 	329.803
0.0203571 	329.866
0.0203929 	329.866
0.0204286 	329.877
0.0204643 	329.877
0.0205 	329.916
0.0205357 	329.916
0.0205714 	329.911
0.0206071 	329.911
0.0206429 	329.928
0.0206786 	329.928
0.0207143 	329.422
0.02075 	329.422
0.0207857 	329.932
0.0208214 	329.932
0.0208571 	329.771
0.0208929 	329.771
0.0209286 	329.921
0.0209643 	329.921
0.021 	329.926
0.0210357 	329.926
0.0210714 	329.853
0.0211071 	329.853
0.0211429 	330.024
0.0211786 	330.024
0.0212143 	329.586
0.02125 	329.586
0.0212857 	330.103
0.0213214 	330.103
0.0213571 	330.166
0.0213929 	330.166
0.0214286 	330.177
0.0214643 	330.177
0.0215 	330.217
0.0215357 	330.217
0.0215714 	330.212
0.0216071 	330.212
0.0216429 	330.23
0.0216786 	330.23
0.0217143 	329.717
0.02175 	329.717
0.0217857 	330.237
0.0218214 	330.237
0.0218571 	330.074
0.0218929 	330.074
0.0219286 	330.227
0.0219643 	330.227
0.022 	330.23
0.0220357 	330.23
0.0220714 	330.159
0.0221071 	330.159
0.0221429 	330.334
0.0221786 	330.334
0.0222143 	329.891
0.02225 	329.891
0.0222857 	330.415
0.0223214 	330.415
0.0223571 	330.48
0.0223929 	330.48
0.0224286 	330.493
0.0224643 	330.493
0.0225 	330.534
0.0225357 	330.534
0.0225714 	330.526
0.0226071 	330.526
0.0226429 	330.546
0.0226786 	330.546
0.0227143 	330.028
0.02275 	330.028
0.0227857 	330.555
0.0228214 	330.555
0.0228571 	330.381
0.0228929 	330.381
0.0229286 	330.536
0.0229643 	330.536
0.023 	330.539
0.0230357 	330.539
0.0230714 	330.463
0.0231071 	330.463
0.0231429 	330.638
0.0231786 	330.638
0.0232143 	330.189
0.02325 	330.189
0.0232857 	330.719
0.0233214 	330.719
0.0233571 	330.785
0.0233929 	330.785
0.0234286 	330.796
0.0234643 	330.796
0.0235 	330.84
0.0235357 	330.84
0.0235714 	330.836
0.0236071 	330.836
0.0236429 	330.857
0.0236786 	330.857
0.0237143 	330.333
0.02375 	330.333
0.0237857 	330.87
0.0238214 	330.87
0.0238571 	330.702
0.0238929 	330.702
0.0239286 	330.859
0.0239643 	330.859
0.024 	330.863
0.0240357 	330.863
0.0240714 	330.788
0.0241071 	330.788
0.0241429 	330.964
0.0241786 	330.964
0.0242143 	330.509
0.02425 	330.509
0.0242857 	331.048
0.0243214 	331.048
0.0243571 	331.116
0.0243929 	331.116
0.0244286 	331.127
0.0244643 	331.127
0.0245 	331.173
0.0245357 	331.173
0.0245714 	331.167
0.0246071 	331.167
0.0246429 	331.191
0.0246786 	331.191
0.0247143 	330.661
0.02475 	330.661
0.0247857 	331.204
0.0248214 	331.204
0.0248571 	331.034
0.0248929 	331.034
0.0249286 	331.197
0.0249643 	331.197
0.025 	336.834
0.0250357 	336.834
0.0250714 	442.429
0.0251071 	442.429
0.0251429 	494.046
0.0251786 	494.046
0.0252143 	754.188
0.02525 	754.188
0.0252857 	783.03
0.0253214 	783.03
0.0253571 	771.566
0.0253929 	771.566
0.0254286 	756.767
0.0254643 	756.767
0.0255 	694.032
0.0255357 	694.032
0.0255714 	688.328
0.0256071 	688.328
0.0256429 	650.305
0.0256786 	650.305
0.0257143 	635.842
0.02575 	635.842
0.0257857 	618.249
0.0258214 	618.249
0.0258571 	611.979
0.0258929 	611.979
0.0259286 	590.274
0.0259643 	590.274
0.026 	586.496
0.0260357 	586.496
0.0260714 	572.814
0.0261071 	572.814
0.0261429 	571.621
0.0261786 	571.621
0.0262143 	551.972
0.02625 	551.972
0.0262857 	554.809
0.0263214 	554.809
0.0263571 	545.276
0.0263929 	545.276
0.0264286 	543.136
0.0264643 	543.136
0.0265 	533.529
0.0265357 	533.529
0.0265714 	532.437
0.0266071 	532.437
0.0266429 	524.036
0.0266786 	524.036
0.0267143 	518.032
0.02675 	518.032
0.0267857 	516.203
0.0268214 	516.203
0.0268571 	513.608
0.0268929 	513.608
0.0269286 	507.56
0.0269643 	507.56
0.027 	506.401
0.0270357 	506.401
0.0270714 	501.344
0.0271071 	501.344
0.0271429 	501.594
0.0271786 	501.594
0.0272143 	492.543
0.02725 	492.543
0.0272857 	495.453
0.0273214 	495.453
0.0273571 	491.54
0.0273929 	491.54
0.0274286 	490.665
0.0274643 	490.665
0.0275 	486.554
0.0275357 	486.554
0.0275714 	486.037
0.0276071 	486.037
0.0276429 	482.096
0.0276786 	482.096
0.0277143 	477.84
0.02775 	477.84
0.0277857 	478.265
0.0278214 	478.265
0.0278571 	476.503
0.0278929 	476.503
0.0279286 	473.684
0.0279643 	473.684
0.028 	473.086
0.0280357 	473.086
0.0280714 	470.129
0.0281071 	470.129
0.0281429 	470.67
0.0281786 	470.67
0.0282143 	464.666
0.02825 	464.666
0.0282857 	467.373
0.0283214 	467.373
0.0283571 	465.15
0.0283929 	465.15
0.0284286 	464.662
0.0284643 	464.662
0.0285 	462.28
0.0285357 	462.28
0.0285714 	461.958
0.0286071 	461.958
0.0286429 	459.568
0.0286786 	459.568
0.0287143 	456.079
0.02875 	456.079
0.0287857 	457.186
0.0288214 	457.186
0.0288571 	455.791
0.0288929 	455.791
0.0289286 	454.234
0.0289643 	454.234
0.029 	453.856
0.0290357 	453.856
0.0290714 	451.786
0.0291071 	451.786
0.0291429 	452.404
0.0291786 	452.404
0.0292143 	447.775
0.02925 	447.775
0.0292857 	450.301
0.0293214 	450.301
0.0293571 	448.843
0.0293929 	448.843
0.0294286 	448.529
0.0294643 	448.529
0.0295 	446.948
0.0295357 	446.948
0.0295714 	446.717
0.0296071 	446.717
0.0296429 	445.087
0.0296786 	445.087
0.0297143 	442.04
0.02975 	442.04
0.0297857 	443.422
0.0298214 	443.422
0.0298571 	442.233
0.0298929 	442.233
0.0299286 	441.273
0.0299643 	441.273
0.03 	441.007
0.0300357 	441.007
0.0300714 	439.417
0.0301071 	439.417
0.0301429 	440.065
0.0301786 	440.065
0.0302143 	436.238
0.03025 	436.238
0.0302857 	438.618
0.0303214 	438.618
0.0303571 	437.576
0.0303928 	437.576
0.0304286 	437.357
0.0304643 	437.357
0.0305 	436.207
0.0305357 	436.207
0.0305714 	436.03
0.0306071 	436.03
0.0306429 	434.83
0.0306786 	434.83
0.0307143 	432.072
0.03075 	432.072
0.0307857 	433.579
0.0308214 	433.579
0.0308571 	432.52
0.0308928 	432.52
0.0309286 	431.933
0.0309643 	431.933
0.031 	431.74
0.0310357 	431.74
0.0310714 	430.445
0.0311072 	430.445
0.0311429 	431.094
0.0311786 	431.094
0.0312143 	427.766
0.03125 	427.766
0.0312857 	430.028
0.0313214 	430.028
0.0313571 	429.245
0.0313928 	429.245
0.0314286 	429.089
0.0314643 	429.089
0.0315 	428.219
0.0315357 	428.219
0.0315714 	428.074
0.0316072 	428.074
0.0316429 	427.146
0.0316786 	427.146
0.0317143 	424.593
0.03175 	424.593
0.0317857 	426.155
0.0318214 	426.155
0.0318571 	425.194
0.0318929 	425.194
0.0319286 	424.821
0.0319643 	424.821
0.032 	424.666
0.0320357 	424.666
0.0320714 	423.569
0.0321072 	423.569
0.0321429 	424.216
0.0321786 	424.216
0.0322143 	421.25
0.03225 	421.25
0.0322857 	423.418
0.0323214 	423.418
0.0323571 	422.815
0.0323929 	422.815
0.0324286 	422.698
0.0324643 	422.698
0.0325 	422.01
0.0325357 	422.01
0.0325714 	421.885
0.0326072 	421.885
0.0326429 	421.098
0.0326786 	421.098
0.0327143 	417.32
0.03275 	417.32
0.0327857 	418.781
0.0328214 	418.781
0.0328571 	419.393
0.0328929 	419.393
0.0329286 	419.193
0.0329643 	419.193
0.033 	417.607
0.0330357 	417.607
0.0330714 	416.587
0.0331072 	416.587
0.0331429 	417.194
0.0331786 	417.194
0.0332143 	414.534
0.03325 	414.534
0.0332857 	416.581
0.0333214 	416.581
0.0333571 	416.006
0.0333929 	416.006
0.0334286 	414.163
0.0334643 	414.163
0.0335 	413.45
0.0335357 	413.45
0.0335714 	413.416
0.0336072 	413.416
0.0336429 	412.704
0.0336786 	412.704
0.0337143 	410.504
0.03375 	410.504
0.0337857 	411.855
0.0338214 	411.855
0.0338571 	414.481
0.0338929 	414.481
0.0339286 	414.375
0.0339643 	414.375
0.034 	410.884
0.0340357 	410.884
0.0340714 	409.856
0.0341072 	409.856
0.0341429 	410.435
0.0341786 	410.435
0.0342143 	408.087
0.03425 	408.087
0.0342857 	411.571
0.0343214 	411.571
0.0343571 	411.069
0.0343929 	411.069
0.0344286 	409.513
0.0344643 	409.513
0.0345 	408.926
0.0345357 	408.926
0.0345714 	410.47
0.0346072 	410.47
0.0346429 	409.713
0.0346786 	409.713
0.0347143 	401.249
0.03475 	401.249
0.0347857 	402.139
0.0348214 	402.139
0.0348571 	408.361
0.0348929 	408.361
0.0349286 	408.294
0.0349643 	408.294
0.035 	401.545
0.0350357 	401.545
0.0350714 	400.712
0.0351072 	400.712
0.0351429 	406.318
0.0351786 	406.318
0.0352143 	404.013
0.03525 	404.013
0.0352857 	400.839
0.0353214 	400.839
0.0353571 	400.242
0.0353929 	400.242
0.0354286 	400.266
0.0354643 	400.266
0.0355 	399.72
0.0355357 	399.72
0.0355714 	399.822
0.0356072 	399.822
0.0356429 	399.268
0.0356786 	399.268
0.0357143 	397.678
0.03575 	397.678
0.0357857 	398.715
0.0358214 	398.715
0.0358571 	407.302
0.0358929 	407.302
0.0359286 	407.414
0.0359643 	407.414
0.036 	398.253
0.0360357 	398.253
0.0360714 	397.369
0.0361072 	397.369
0.0361429 	397.749
0.0361786 	397.749
0.0362143 	395.903
0.03625 	395.903
0.0362857 	397.848
0.0363214 	397.848
0.0363571 	397.355
0.0363929 	397.355
0.0364286 	397.207
0.0364643 	397.207
0.0365 	396.732
0.0365357 	396.732
0.0365714 	397.016
0.0366072 	397.016
0.0366429 	396.416
0.0366786 	396.416
0.0367143 	394.735
0.03675 	394.735
0.0367857 	395.653
0.0368214 	395.653
0.0368571 	402.065
0.0368929 	402.065
0.0369286 	402.399
0.0369643 	402.399
0.037 	395.184
0.0370357 	395.184
0.0370714 	394.421
0.0371072 	394.421
0.0371429 	394.751
0.0371786 	394.751
0.0372143 	393.045
0.03725 	393.045
0.0372857 	394.544
0.0373214 	394.544
0.0373571 	394.33
0.0373929 	394.33
0.0374286 	392.502
0.0374643 	392.502
0.0375 	403.699
0.0375357 	403.699
0.0375714 	397.329
0.0376072 	397.329
0.0376429 	406.785
0.0376786 	406.785
0.0377143 	401.051
0.03775 	401.051
0.0377857 	402.655
0.0378214 	402.655
0.0378571 	401.85
0.0378929 	401.85
0.0379286 	402.031
0.0379643 	402.031
0.038 	401.824
0.0380357 	401.824
0.0380714 	401.252
0.0381072 	401.252
0.0381429 	401.802
0.0381786 	401.802
0.0382143 	399.766
0.03825 	399.766
0.0382857 	400.491
0.0383214 	400.491
0.0383571 	401.868
0.0383929 	401.868
0.0384286 	399.9
0.0384643 	399.9
0.0385 	401.117
0.0385357 	401.117
0.0385714 	401.055
0.0386071 	401.055
0.0386429 	400.912
0.0386786 	400.912
0.0387143 	399.033
0.03875 	399.033
0.0387857 	400.614
0.0388214 	400.614
0.0388571 	399.494
0.0388929 	399.494
0.0389286 	400.342
0.0389643 	400.342
0.039 	400.001
0.0390357 	400.001
0.0390714 	399.358
0.0391072 	399.358
0.0391429 	399.767
0.0391786 	399.767
0.0392143 	397.932
0.03925 	397.932
0.0392857 	399.793
0.0393214 	399.793
0.0393571 	399.769
0.0393929 	399.769
0.0394286 	399.561
0.0394643 	399.561
0.0395 	400.935
0.0395357 	400.935
0.0395714 	399.412
0.0396072 	399.412
0.0396429 	396.627
0.0396786 	396.627
0.0397143 	394.133
0.03975 	394.133
0.0397857 	390.595
0.0398214 	390.595
0.0398571 	392.078
0.0398929 	392.078
0.0399286 	387.772
