7.27919e-23 	356.257
3.57e-05 	356.257
7.14e-05 	355.395
0.00010715 	355.395
0.0001429 	356.323
0.0001786 	356.323
0.0002143 	363.118
0.00025 	363.118
0.0002857 	368.205
0.0003214 	368.205
0.0003571 	390.562
0.00039285 	390.562
0.0004286 	392.073
0.0004643 	392.073
0.0005 	395.35
0.0005357 	395.35
0.0005714 	395.514
0.00060715 	395.514
0.0006429 	396.373
0.0006786 	396.373
0.0007143 	394.698
0.00075 	394.698
0.0007857 	397.532
0.0008214 	397.532
0.0008571 	397.08
0.00089285 	397.08
0.0009286 	398.306
0.0009643 	398.306
0.001 	398.506
0.0010357 	398.506
0.0010714 	399.276
0.00110715 	399.276
0.0011429 	400.148
0.0011786 	400.148
0.0012143 	399.234
0.00125 	399.234
0.0012857 	401.421
0.0013214 	401.421
0.0013571 	402.651
0.00139285 	402.651
0.0014286 	402.822
0.0014643 	402.822
0.0015 	404.024
0.0015357 	404.024
0.0015714 	404.251
0.00160715 	404.251
0.0016429 	405.37
0.0016786 	405.37
0.0017143 	403.569
0.00175 	403.569
0.0017857 	406.917
0.0018214 	406.917
0.0018571 	406.467
0.00189285 	406.467
0.0019286 	407.989
0.0019643 	407.989
0.002 	408.257
0.0020357 	408.257
0.0020714 	409.381
0.00210715 	409.381
0.0021429 	410.387
0.0021786 	410.387
0.0022143 	409.589
0.00225 	409.589
0.0022857 	412.075
0.0023214 	412.075
0.0023571 	413.735
0.00239285 	413.735
0.0024286 	413.959
0.0024643 	413.959
0.0025 	415.599
0.0025357 	415.599
0.0025714 	415.923
0.00260715 	415.923
0.0026429 	417.456
0.0026786 	417.456
0.0027143 	415.499
0.00275 	415.499
0.0027857 	419.632
0.0028214 	419.632
0.0028571 	419.199
0.00289285 	419.199
0.0029286 	421.196
0.0029643 	421.196
0.003 	421.578
0.0030357 	421.578
0.0030714 	423.334
0.00310715 	423.334
0.0031429 	424.552
0.0031786 	424.552
0.0032143 	424.018
0.00325 	424.018
0.0032857 	426.953
0.0033214 	426.953
0.0033571 	429.363
0.00339285 	429.363
0.0034286 	429.68
0.0034643 	429.68
0.0035 	432.116
0.0035357 	432.116
0.0035714 	432.615
0.00360715 	432.615
0.0036429 	434.913
0.0036786 	434.913
0.0037143 	432.768
0.00375 	432.768
0.0037857 	438.305
0.0038214 	438.305
0.0038571 	437.956
0.00389285 	437.956
0.0039286 	440.844
0.0039643 	440.844
0.004 	441.448
0.0040357 	441.448
0.0040714 	444.432
0.00410715 	444.432
0.0041429 	446.017
0.0041786 	446.017
0.0042143 	446.156
0.00425 	446.156
0.0042857 	449.865
0.0043214 	449.865
0.0043571 	453.831
0.00439285 	453.831
0.0044286 	454.342
0.0044643 	454.342
0.0045 	458.501
0.0045357 	458.501
0.0045714 	459.389
0.00460715 	459.389
0.0046429 	463.37
0.0046786 	463.37
0.0047143 	461.014
0.00475 	461.014
0.0047857 	469.603
0.0048214 	469.603
0.0048571 	469.535
0.00489285 	469.535
0.0049286 	474.526
0.0049643 	474.526
0.005 	475.691
0.0050357 	475.691
0.0050714 	481.911
0.00510715 	481.911
0.0051429 	484.335
0.0051786 	484.335
0.0052143 	486.715
0.00525 	486.715
0.0052857 	492.182
0.0053214 	492.182
0.0053571 	500.601
0.00539285 	500.601
0.0054286 	501.686
0.0054643 	501.686
0.0055 	511.345
0.0055357 	511.345
0.0055714 	513.486
0.00560715 	513.486
0.0056429 	523.094
0.0056786 	523.094
0.0057143 	520.806
0.00575 	520.806
0.0057857 	540.002
0.0058214 	540.002
0.0058571 	541.382
0.00589285 	541.382
0.0059286 	554.994
0.0059643 	554.994
0.006 	558.77
0.0060357 	558.77
0.0060714 	580.614
0.00610715 	580.614
0.0061429 	586.713
0.0061786 	586.713
0.0062143 	604.835
0.00625 	604.835
0.0062857 	618.729
0.0063214 	618.729
0.0063571 	656.745
0.00639285 	656.745
0.0064286 	662.445
0.0064643 	662.445
0.0065 	725.246
0.0065357 	725.246
0.0065714 	740.042
0.00660715 	740.042
0.0066429 	751.574
0.0066786 	751.574
0.0067143 	723.27
0.00675 	723.27
0.0067857 	462.738
0.0068214 	462.738
0.0068571 	411.308
0.00689285 	411.308
0.0069286 	305.639
0.0069643 	305.639
0.007 	300.002
0.0070357 	300.002
0.0070714 	300
0.00710715 	300
0.0071429 	300
0.0072143 	300
0.0072857 	300
0.00735715 	300
0.0074286 	300
0.00757145 	300
0.0077143 	300
0.00785715 	300
0.008 	300
0.0082857 	300
0.0085714 	300
0.00885715 	300
0.0091429 	300
0.0094286 	300
0.0097143 	300
0.01 	300
0.0102857 	300
0.0105714 	300
0.0108571 	300
0.0111429 	300
0.0114286 	300
0.0117143 	300
0.012 	300
0.0122857 	300
0.0125714 	300
0.0128571 	300
0.0131429 	300
0.0134286 	300
0.0137143 	300
0.014 	300
0.0142857 	300
0.0145714 	300
0.0148571 	300
0.0151429 	300
0.0154286 	300
0.0157143 	300
0.016 	300
0.0162857 	300
0.0165714 	300
0.0168571 	300
0.0171429 	300
0.0174286 	300
0.0177143 	300
0.018 	300
0.0182857 	300
0.0185714 	300
0.0188571 	300
0.0191429 	300
0.0194286 	300
0.0197143 	300
0.02 	300
0.0202857 	300
0.0205714 	300
0.0208571 	300
0.0211429 	300
0.0214286 	300
0.0217143 	300
0.022 	300
0.0222857 	300
0.0225714 	300
0.0228571 	300
0.0231429 	300
0.0234286 	300
0.0237143 	300
0.024 	300
0.0242857 	300
0.0245714 	300
0.0248571 	300
0.0251429 	300
0.0254286 	300
0.0257143 	300
0.026 	300
0.0262857 	300
0.0265714 	300
0.0268571 	300
0.0271429 	300
0.0274286 	300
0.0277143 	300
0.028 	300
0.0282857 	300
0.0285714 	300
0.0288571 	300
0.0291429 	300
0.0294286 	300
0.0297143 	300
0.03 	300
0.0302857 	300
0.0305714 	300
0.0308571 	300
0.0311428 	300
0.0314286 	300
0.0317143 	300
0.032 	300
0.0322857 	300
0.0325714 	300
0.0328572 	300
0.0331429 	300
0.0334286 	300
0.0337143 	300
0.034 	300
0.0342857 	300
0.0345714 	300
0.0348571 	300
0.0351429 	300
0.0354286 	300
0.0357143 	300
0.036 	300
0.0362857 	300
0.0365714 	300
0.0368572 	300
0.0371429 	300
0.0374286 	300
0.0377143 	300
0.038 	300
0.0382857 	300
0.0385714 	300
0.0388571 	300
0.0391429 	300
0.0394286 	300
