1.45584e-22 	309.862
7.145e-05 	309.862
0.0001429 	309.812
0.0002143 	309.812
0.0002857 	328.219
0.0003214 	328.219
0.0003571 	509.204
0.00039285 	509.204
0.0004286 	563.636
0.0004643 	563.636
0.0005 	772.459
0.0005357 	772.459
0.0005714 	778.624
0.00060715 	778.624
0.0006429 	725.843
0.0006786 	725.843
0.0007143 	702.506
0.00075 	702.506
0.0007857 	663.865
0.0008214 	663.865
0.0008571 	654.16
0.00089285 	654.16
0.0009286 	617.562
0.0009643 	617.562
0.001 	611.306
0.0010357 	611.306
0.0010714 	590.399
0.00110715 	590.399
0.0011429 	589.514
0.0011786 	589.514
0.0012143 	562.535
0.00125 	562.535
0.0012857 	564.903
0.0013214 	564.903
0.0013571 	551.41
0.00139285 	551.41
0.0014286 	549.171
0.0014643 	549.171
0.0015 	529.343
0.0015357 	529.343
0.0015714 	532.2
0.00160715 	532.2
0.0016429 	521.294
0.0016786 	521.294
0.0017143 	517.365
0.00175 	517.365
0.0017857 	513.659
0.0018214 	513.659
0.0018571 	510.896
0.00189285 	510.896
0.0019286 	502.997
0.0019643 	502.997
0.002 	499.371
0.0020357 	499.371
0.0020714 	493.324
0.00210715 	493.324
0.0021429 	493.195
0.0021786 	493.195
0.0022143 	483.187
0.00225 	483.187
0.0022857 	489.181
0.0023214 	489.181
0.0023571 	484.413
0.00239285 	484.413
0.0024286 	483.429
0.0024643 	483.429
0.0025 	478.532
0.0025357 	478.532
0.0025714 	475.524
0.00260715 	475.524
0.0026429 	470.879
0.0026786 	470.879
0.0027143 	466.885
0.00275 	466.885
0.0027857 	466.399
0.0028214 	466.399
0.0028571 	463.691
0.00289285 	463.691
0.0029286 	460.076
0.0029643 	460.076
0.003 	459.455
0.0030357 	459.455
0.0030714 	456.203
0.00310715 	456.203
0.0031429 	456.878
0.0031786 	456.878
0.0032143 	450.794
0.00325 	450.794
0.0032857 	453.414
0.0033214 	453.414
0.0033571 	450.148
0.00339285 	450.148
0.0034286 	453.732
0.0034643 	453.732
0.0035 	451.03
0.0035357 	451.03
0.0035714 	454.415
0.00360715 	454.415
0.0036429 	451.69
0.0036786 	451.69
0.0037143 	445.226
0.00375 	445.226
0.0037857 	444.255
0.0038214 	444.255
0.0038571 	443.878
0.00389285 	443.878
0.0039286 	441.946
0.0039643 	441.946
0.004 	439.551
0.0040357 	439.551
0.0040714 	433.846
0.00410715 	433.846
0.0041429 	436.531
0.0041786 	436.531
0.0042143 	432.105
0.00425 	432.105
0.0042857 	434.634
0.0043214 	434.634
0.0043571 	432.224
0.00439285 	432.224
0.0044286 	432.335
0.0044643 	432.335
0.0045 	430.499
0.0045357 	430.499
0.0045714 	430.364
0.00460715 	430.364
0.0046429 	428.543
0.0046786 	428.543
0.0047143 	425.865
0.00475 	425.865
0.0047857 	426.576
0.0048214 	426.576
0.0048571 	425.618
0.00489285 	425.618
0.0049286 	424.353
0.0049643 	424.353
0.005 	424.123
0.0050357 	424.123
0.0050714 	422.438
0.00510715 	422.438
0.0051429 	425.441
0.0051786 	425.441
0.0052143 	421.918
0.00525 	421.918
0.0052857 	423.87
0.0053214 	423.87
0.0053571 	422.71
0.00539285 	422.71
0.0054286 	421.583
0.0054643 	421.583
0.0055 	416.976
0.0055357 	416.976
0.0055714 	418.937
0.00560715 	418.937
0.0056429 	417.593
0.0056786 	417.593
0.0057143 	418.264
0.00575 	418.264
0.0057857 	418.046
0.0058214 	418.046
0.0058571 	422.209
0.00589285 	422.209
0.0059286 	421.446
0.0059643 	421.446
0.006 	416.865
0.0060357 	416.865
0.0060714 	415.55
0.00610715 	415.55
0.0061429 	415.953
0.0061786 	415.953
0.0062143 	412.995
0.00625 	412.995
0.0062857 	412.391
0.0063214 	412.391
0.0063571 	410.763
0.00639285 	410.763
0.0064286 	411.033
0.0064643 	411.033
0.0065 	410.015
0.0065357 	410.015
0.0065714 	411.307
0.00660715 	411.307
0.0066429 	410.293
0.0066786 	410.293
0.0067143 	408.516
0.00675 	408.516
0.0067857 	408.398
0.0068214 	408.398
0.0068571 	407.187
0.00689285 	407.187
0.0069286 	406.565
0.0069643 	406.565
0.007 	406.441
0.0070357 	406.441
0.0070714 	405.337
0.00710715 	405.337
0.0071429 	405.915
0.0071786 	405.915
0.0072143 	403.352
0.00725 	403.352
0.0072857 	405.381
0.0073214 	405.381
0.0073571 	403.98
0.00739285 	403.98
0.0074286 	404.678
0.0074643 	404.678
0.0075 	403.727
0.0075357 	403.727
0.0075714 	403.715
0.00760715 	403.715
0.0076429 	402.898
0.0076786 	402.898
0.0077143 	401.1
0.00775 	401.1
0.0077857 	402.067
0.0078214 	402.067
0.0078571 	401.539
0.00789285 	401.539
0.0079286 	401.083
0.0079643 	401.083
0.008 	402.283
0.0080357 	402.283
0.0080714 	401.366
0.00810715 	401.366
0.0081429 	401.588
0.0081786 	401.588
0.0082143 	399.312
0.00825 	399.312
0.0082857 	401.624
0.0083214 	401.624
0.0083571 	400.379
0.00839285 	400.379
0.0084286 	400.227
0.0084643 	400.227
0.0085 	399.583
0.0085357 	399.583
0.0085714 	399.268
0.00860715 	399.268
0.0086429 	398.594
0.0086786 	398.594
0.0087143 	396.79
0.00875 	396.79
0.0087857 	397.735
0.0088214 	397.735
0.0088571 	397.859
0.00889285 	397.859
0.0089286 	397.566
0.0089643 	397.566
0.009 	398.805
0.0090357 	398.805
0.0090714 	397.973
0.00910715 	397.973
0.0091429 	397.182
0.0091786 	397.182
0.0092143 	395.144
0.00925 	395.144
0.0092857 	402.505
0.0093214 	402.505
0.0093571 	402.105
0.00939285 	402.105
0.0094286 	402.021
0.0094643 	402.021
0.0095 	401.496
0.0095357 	401.496
0.0095714 	401.266
0.00960715 	401.266
0.0096429 	400.608
0.0096786 	400.608
0.0097143 	393.627
0.00975 	393.627
0.0097857 	393.682
0.0098214 	393.682
0.0098571 	398.103
0.00989285 	398.103
0.0099286 	397.981
0.0099643 	397.981
0.01 	393.358
0.0100357 	393.358
0.0100714 	392.608
0.0101071 	392.608
0.0101429 	392.951
0.0101786 	392.951
0.0102143 	391.09
0.01025 	391.09
0.0102857 	394.247
0.0103214 	394.247
0.0103571 	393.855
0.0103929 	393.855
0.0104286 	394.194
0.0104643 	394.194
0.0105 	393.755
0.0105357 	393.755
0.0105714 	397.176
0.0106071 	397.176
0.0106429 	396.66
0.0106786 	396.66
0.0107143 	389.858
0.01075 	389.858
0.0107857 	389.968
0.0108214 	389.968
0.0108571 	395.549
0.0108929 	395.549
0.0109286 	395.552
0.0109643 	395.552
0.011 	395.472
0.0110357 	395.472
0.0110714 	394.721
0.0111071 	394.721
0.0111429 	390.024
0.0111786 	390.024
0.0112143 	388.256
0.01125 	388.256
0.0112857 	394.872
0.0113214 	394.872
0.0113571 	394.605
0.0113929 	394.605
0.0114286 	394.551
0.0114643 	394.551
0.0115 	394.173
0.0115357 	394.173
0.0115714 	394.094
0.0116071 	394.094
0.0116429 	393.663
0.0116786 	393.663
0.0117143 	391.887
0.01175 	391.887
0.0117857 	393.162
0.0118214 	393.162
0.0118571 	392.525
0.0118929 	392.525
0.0119286 	392.499
0.0119643 	392.499
0.012 	392.424
0.0120357 	392.424
0.0120714 	391.779
0.0121071 	391.779
0.0121429 	392.264
0.0121786 	392.264
0.0122143 	390.345
0.01225 	390.345
0.0122857 	391.936
0.0123214 	391.936
0.0123571 	391.665
0.0123929 	391.665
0.0124286 	391.618
0.0124643 	391.618
0.0125 	391.291
0.0125357 	391.291
0.0125714 	391.218
0.0126071 	391.218
0.0126429 	390.842
0.0126786 	390.842
0.0127143 	389.134
0.01275 	389.134
0.0127857 	390.398
0.0128214 	390.398
0.0128571 	389.788
0.0128929 	389.788
0.0129286 	389.805
0.0129643 	389.805
0.013 	389.742
0.0130357 	389.742
0.0130714 	389.134
0.0131071 	389.134
0.0131429 	389.426
0.0131786 	389.426
0.0132143 	387.601
0.01325 	387.601
0.0132857 	389.138
0.0133214 	389.138
0.0133571 	388.904
0.0133929 	388.904
0.0134286 	388.865
0.0134643 	388.865
0.0135 	388.58
0.0135357 	388.58
0.0135714 	388.511
0.0136071 	388.511
0.0136429 	388.177
0.0136786 	388.177
0.0137143 	386.54
0.01375 	386.54
0.0137857 	387.78
0.0138214 	387.78
0.0138571 	387.2
0.0138929 	387.2
0.0139286 	387.241
0.0139643 	387.241
0.014 	387.183
0.0140357 	387.183
0.0140714 	386.627
0.0141071 	386.627
0.0141429 	387.088
0.0141786 	387.088
0.0142143 	385.358
0.01425 	385.358
0.0142857 	386.856
0.0143214 	386.856
0.0143571 	386.655
0.0143929 	386.655
0.0144286 	386.621
0.0144643 	386.621
0.0145 	386.382
0.0145357 	386.382
0.0145714 	386.702
0.0146071 	386.702
0.0146429 	386.411
0.0146786 	386.411
0.0147143 	384.537
0.01475 	384.537
0.0147857 	385.766
0.0148214 	385.766
0.0148571 	385.478
0.0148929 	385.478
0.0149286 	385.55
0.0149643 	385.55
0.015 	385.501
0.0150357 	385.501
0.0150714 	384.944
0.0151071 	384.944
0.0151429 	385.025
0.0151786 	385.025
0.0152143 	383.344
0.01525 	383.344
0.0152857 	384.219
0.0153214 	384.219
0.0153571 	384.047
0.0153929 	384.047
0.0154286 	384.784
0.0154643 	384.784
0.0155 	384.561
0.0155357 	384.561
0.0155714 	384.246
0.0156071 	384.246
0.0156429 	383.973
0.0156786 	383.973
0.0157143 	382.912
0.01575 	382.912
0.0157857 	384.148
0.0158214 	384.148
0.0158571 	383.594
0.0158929 	383.594
0.0159286 	383.682
0.0159643 	383.682
0.016 	383.639
0.0160357 	383.639
0.0160714 	383.127
0.0161071 	383.127
0.0161429 	383.584
0.0161786 	383.584
0.0162143 	381.95
0.01625 	381.95
0.0162857 	383.402
0.0163214 	383.402
0.0163571 	383.241
0.0163929 	383.241
0.0164286 	383.22
0.0164643 	383.22
0.0165 	383.009
0.0165357 	383.009
0.0165714 	382.955
0.0166071 	382.955
0.0166429 	382.7
0.0166786 	382.7
0.0167143 	381.162
0.01675 	381.162
0.0167857 	382.375
0.0168214 	382.375
0.0168571 	381.839
0.0168929 	381.839
0.0169286 	381.95
0.0169643 	381.95
0.017 	381.91
0.0170357 	381.91
0.0170714 	381.424
0.0171071 	381.424
0.0171429 	381.878
0.0171786 	381.878
0.0172143 	380.303
0.01725 	380.303
0.0172857 	381.726
0.0173214 	381.726
0.0173571 	381.586
0.0173929 	381.586
0.0174286 	381.57
0.0174643 	381.57
0.0175 	381.381
0.0175357 	381.381
0.0175714 	381.333
0.0176071 	381.333
0.0176429 	381.091
0.0176786 	381.091
0.0177143 	379.603
0.01775 	379.603
0.0177857 	380.798
0.0178214 	380.798
0.0178571 	380.276
0.0178929 	380.276
0.0179286 	380.397
0.0179643 	380.397
0.018 	380.36
0.0180357 	380.36
0.0180714 	379.896
0.0181071 	379.896
0.0181429 	380.339
0.0181786 	380.339
0.0182143 	378.806
0.01825 	378.806
0.0182857 	380.201
0.0183214 	380.201
0.0183571 	380.079
0.0183929 	380.079
0.0184286 	380.069
0.0184643 	380.069
0.0185 	379.903
0.0185357 	379.903
0.0185714 	379.855
0.0186071 	379.855
0.0186429 	379.636
0.0186786 	379.636
0.0187143 	378.182
0.01875 	378.182
0.0187857 	379.368
0.0188214 	379.368
0.0188571 	378.86
0.0188929 	378.86
0.0189286 	378.997
0.0189643 	378.997
0.019 	378.96
0.0190357 	378.96
0.0190714 	378.517
0.0191071 	378.517
0.0191429 	378.952
0.0191786 	378.952
0.0192143 	377.466
0.01925 	377.466
0.0192857 	378.837
0.0193214 	378.837
0.0193571 	378.729
0.0193929 	378.729
0.0194286 	378.721
0.0194643 	378.721
0.0195 	378.568
0.0195357 	378.568
0.0195714 	378.522
0.0196071 	378.522
0.0196429 	378.321
0.0196786 	378.321
0.0197143 	376.896
0.01975 	376.896
0.0197857 	378.066
0.0198214 	378.066
0.0198571 	377.571
0.0198929 	377.571
0.0199286 	377.712
0.0199643 	377.712
0.02 	377.677
0.0200357 	377.677
0.0200714 	377.248
0.0201071 	377.248
0.0201429 	377.679
0.0201786 	377.679
0.0202143 	376.234
0.02025 	376.234
0.0202857 	377.584
0.0203214 	377.584
0.0203571 	377.488
0.0203929 	377.488
0.0204286 	377.482
0.0204643 	377.482
0.0205 	377.34
0.0205357 	377.34
0.0205714 	377.296
0.0206071 	377.296
0.0206429 	377.103
0.0206786 	377.103
0.0207143 	375.703
0.02075 	375.703
0.0207857 	376.86
0.0208214 	376.86
0.0208571 	376.375
0.0208929 	376.375
0.0209286 	376.532
0.0209643 	376.532
0.021 	376.505
0.0210357 	376.505
0.0210714 	376.092
0.0211071 	376.092
0.0211429 	376.518
0.0211786 	376.518
0.0212143 	375.102
0.02125 	375.102
0.0212857 	376.43
0.0213214 	376.43
0.0213571 	376.348
0.0213929 	376.348
0.0214286 	376.343
0.0214643 	376.343
0.0215 	376.217
0.0215357 	376.217
0.0215714 	376.176
0.0216071 	376.176
0.0216429 	376.002
0.0216786 	376.002
0.0217143 	374.628
0.02175 	374.628
0.0217857 	375.777
0.0218214 	375.777
0.0218571 	375.302
0.0218929 	375.302
0.0219286 	375.46
0.0219643 	375.46
0.022 	375.431
0.0220357 	375.431
0.0220714 	375.032
0.0221071 	375.032
0.0221429 	375.454
0.0221786 	375.454
0.0222143 	374.072
0.02225 	374.072
0.0222857 	375.381
0.0223214 	375.381
0.0223571 	375.308
0.0223929 	375.308
0.0224286 	375.306
0.0224643 	375.306
0.0225 	375.187
0.0225357 	375.187
0.0225714 	375.144
0.0226071 	375.144
0.0226429 	374.98
0.0226786 	374.98
0.0227143 	373.628
0.02275 	373.628
0.0227857 	374.766
0.0228214 	374.766
0.0228571 	374.151
0.0228929 	374.151
0.0229286 	374.317
0.0229643 	374.317
0.023 	374.438
0.0230357 	374.438
0.0230714 	374.051
0.0231071 	374.051
0.0231429 	374.465
0.0231786 	374.465
0.0232143 	373.112
0.02325 	373.112
0.0232857 	374.402
0.0233214 	374.402
0.0233571 	374.336
0.0233929 	374.336
0.0234286 	374.274
0.0234643 	374.274
0.0235 	374.164
0.0235357 	374.164
0.0235714 	374.187
0.0236071 	374.187
0.0236429 	374.031
0.0236786 	374.031
0.0237143 	372.699
0.02375 	372.699
0.0237857 	373.828
0.0238214 	373.828
0.0238571 	373.371
0.0238929 	373.371
0.0239286 	373.542
0.0239643 	373.542
0.024 	373.519
0.0240357 	373.519
0.0240714 	373.142
0.0241071 	373.142
0.0241429 	373.551
0.0241786 	373.551
0.0242143 	372.229
0.02425 	372.229
0.0242857 	373.505
0.0243214 	373.505
0.0243571 	373.45
0.0243929 	373.45
0.0244286 	373.45
0.0244643 	373.45
0.0245 	373.351
0.0245357 	373.351
0.0245714 	373.314
0.0246071 	373.314
0.0246429 	373.164
0.0246786 	373.164
0.0247143 	371.703
0.02475 	371.703
0.0247857 	372.812
0.0248214 	372.812
0.0248571 	372.519
0.0248929 	372.519
0.0249286 	372.703
0.0249643 	372.703
0.025 	372.682
0.0250357 	372.682
0.0250714 	372.313
0.0251071 	372.313
0.0251429 	372.524
0.0251786 	372.524
0.0252143 	371.228
0.02525 	371.228
0.0252857 	372.674
0.0253214 	372.674
0.0253571 	372.63
0.0253929 	372.63
0.0254286 	372.63
0.0254643 	372.63
0.0255 	372.542
0.0255357 	372.542
0.0255714 	372.505
0.0256071 	372.505
0.0256429 	372.364
0.0256786 	372.364
0.0257143 	370.988
0.02575 	370.988
0.0257857 	372.093
0.0258214 	372.093
0.0258571 	371.652
0.0258929 	371.652
0.0259286 	371.831
0.0259643 	371.831
0.026 	371.809
0.0260357 	371.809
0.0260714 	371.456
0.0261071 	371.456
0.0261429 	371.856
0.0261786 	371.856
0.0262143 	370.583
0.02625 	370.583
0.0262857 	371.827
0.0263214 	371.827
0.0263571 	371.784
0.0263929 	371.784
0.0264286 	371.78
0.0264643 	371.78
0.0265 	371.692
0.0265357 	371.692
0.0265714 	371.655
0.0266071 	371.655
0.0266429 	371.522
0.0266786 	371.522
0.0267143 	370.248
0.02675 	370.248
0.0267857 	371.346
0.0268214 	371.346
0.0268571 	370.911
0.0268929 	370.911
0.0269286 	371.104
0.0269643 	371.104
0.027 	371.087
0.0270357 	371.087
0.0270714 	370.744
0.0271071 	370.744
0.0271429 	371.139
0.0271786 	371.139
0.0272143 	369.885
0.02725 	369.885
0.0272857 	371.116
0.0273214 	371.116
0.0273571 	371.08
0.0273929 	371.08
0.0274286 	371.083
0.0274643 	371.083
0.0275 	371.006
0.0275357 	371.006
0.0275714 	370.97
0.0276071 	370.97
0.0276429 	370.846
0.0276786 	370.846
0.0277143 	369.584
0.02775 	369.584
0.0277857 	370.676
0.0278214 	370.676
0.0278571 	370.245
0.0278929 	370.245
0.0279286 	370.437
0.0279643 	370.437
0.028 	370.419
0.0280357 	370.419
0.0280714 	370.083
0.0281071 	370.083
0.0281429 	370.479
0.0281786 	370.479
0.0282143 	369.247
0.02825 	369.247
0.0282857 	370.463
0.0283214 	370.463
0.0283571 	370.433
0.0283929 	370.433
0.0284286 	370.437
0.0284643 	370.437
0.0285 	370.363
0.0285357 	370.363
0.0285714 	370.329
0.0286071 	370.329
0.0286429 	370.21
0.0286786 	370.21
0.0287143 	368.963
0.02875 	368.963
0.0287857 	370.048
0.0288214 	370.048
0.0288571 	369.624
0.0288929 	369.624
0.0289286 	369.825
0.0289643 	369.825
0.029 	369.807
0.0290357 	369.807
0.0290714 	369.476
0.0291071 	369.476
0.0291429 	369.863
0.0291786 	369.863
0.0292143 	368.642
0.02925 	368.642
0.0292857 	369.848
0.0293214 	369.848
0.0293571 	369.824
0.0293929 	369.824
0.0294286 	369.826
0.0294643 	369.826
0.0295 	369.762
0.0295357 	369.762
0.0295714 	369.728
0.0296071 	369.728
0.0296429 	369.618
0.0296786 	369.618
0.0297143 	368.384
0.02975 	368.384
0.0297857 	369.465
0.0298214 	369.465
0.0298571 	369.048
0.0298929 	369.048
0.0299286 	369.243
0.0299643 	369.243
0.03 	369.225
0.0300357 	369.225
0.0300714 	368.903
0.0301071 	368.903
0.0301429 	369.29
0.0301786 	369.29
0.0302143 	368.092
0.03025 	368.092
0.0302857 	369.287
0.0303214 	369.287
0.0303571 	369.267
0.0303928 	369.267
0.0304286 	369.272
0.0304643 	369.272
0.0305 	369.208
0.0305357 	369.208
0.0305714 	369.175
0.0306071 	369.175
0.0306429 	369.069
0.0306786 	369.069
0.0307143 	367.847
0.03075 	367.847
0.0307857 	368.921
0.0308214 	368.921
0.0308571 	368.502
0.0308928 	368.502
0.0309286 	368.708
0.0309643 	368.708
0.031 	368.696
0.0310357 	368.696
0.0310714 	368.382
0.0311072 	368.382
0.0311429 	368.765
0.0311786 	368.765
0.0312143 	367.58
0.03125 	367.58
0.0312857 	368.766
0.0313214 	368.766
0.0313571 	368.751
0.0313928 	368.751
0.0314286 	368.758
0.0314643 	368.758
0.0315 	368.702
0.0315357 	368.702
0.0315714 	368.667
0.0316072 	368.667
0.0316429 	368.567
0.0316786 	368.567
0.0317143 	367.352
0.03175 	367.352
0.0317857 	368.421
0.0318214 	368.421
0.0318571 	368.013
0.0318929 	368.013
0.0319286 	368.21
0.0319643 	368.21
0.032 	367.834
0.0320357 	367.834
0.0320714 	367.529
0.0321072 	367.529
0.0321429 	368.268
0.0321786 	368.268
0.0322143 	367.102
0.03225 	367.102
0.0322857 	367.92
0.0323214 	367.92
0.0323571 	367.908
0.0323929 	367.908
0.0324286 	368.281
0.0324643 	368.281
0.0325 	368.228
0.0325357 	368.228
0.0325714 	367.891
0.0326072 	367.891
0.0326429 	367.746
0.0326786 	367.746
0.0327143 	365.859
0.03275 	365.859
0.0327857 	366.829
0.0328214 	366.829
0.0328571 	367.196
0.0328929 	367.196
0.0329286 	367.403
0.0329643 	367.403
0.033 	366.653
0.0330357 	366.653
0.0330714 	366.292
0.0331072 	366.292
0.0331429 	366.646
0.0331786 	366.646
0.0332143 	365.532
0.03325 	365.532
0.0332857 	366.672
0.0333214 	366.672
0.0333571 	366.577
0.0333929 	366.577
0.0334286 	365.344
0.0334643 	365.344
0.0335 	365.16
0.0335357 	365.16
0.0335714 	365.176
0.0336072 	365.176
0.0336429 	365.008
0.0336786 	365.008
0.0337143 	363.742
0.03375 	363.742
0.0337857 	364.652
0.0338214 	364.652
0.0338571 	366.662
0.0338929 	366.662
0.0339286 	366.87
0.0339643 	366.87
0.034 	364.455
0.0340357 	364.455
0.0340714 	363.996
0.0341072 	363.996
0.0341429 	364.332
0.0341786 	364.332
0.0342143 	363.336
0.03425 	363.336
0.0342857 	365.499
0.0343214 	365.499
0.0343571 	365.428
0.0343929 	365.428
0.0344286 	364.389
0.0344643 	364.389
0.0345 	364.256
0.0345357 	364.256
0.0345714 	365.36
0.0346072 	365.36
0.0346429 	365.065
0.0346786 	365.065
0.0347143 	359.622
0.03475 	359.622
0.0347857 	360.173
0.0348214 	360.173
0.0348571 	364.532
0.0348929 	364.532
0.0349286 	364.709
0.0349643 	364.709
0.035 	360.169
0.0350357 	360.169
0.0350714 	359.81
0.0351072 	359.81
0.0351429 	363.533
0.0351786 	363.533
0.0352143 	362.468
0.03525 	362.468
0.0352857 	360.139
0.0353214 	360.139
0.0353571 	359.883
0.0353929 	359.883
0.0354286 	359.943
0.0354643 	359.943
0.0355 	359.784
0.0355357 	359.784
0.0355714 	359.876
0.0356072 	359.876
0.0356429 	359.707
0.0356786 	359.707
0.0357143 	358.886
0.03575 	358.886
0.0357857 	359.63
0.0358214 	359.63
0.0358571 	365.65
0.0358929 	365.65
0.0359286 	365.905
0.0359643 	365.905
0.036 	359.663
0.0360357 	359.663
0.0360714 	359.131
0.0361072 	359.131
0.0361429 	359.341
0.0361786 	359.341
0.0362143 	358.508
0.03625 	358.508
0.0362857 	359.714
0.0363214 	359.714
0.0363571 	359.551
0.0363929 	359.551
0.0364286 	359.441
0.0364643 	359.441
0.0365 	359.29
0.0365357 	359.29
0.0365714 	359.545
0.0366072 	359.545
0.0366429 	359.312
0.0366786 	359.312
0.0367143 	358.353
0.03675 	358.353
0.0367857 	358.998
0.0368214 	358.998
0.0368571 	363.504
0.0368929 	363.504
0.0369286 	363.89
0.0369643 	363.89
0.037 	358.961
0.0370357 	358.961
0.0370714 	358.524
0.0371072 	358.524
0.0371429 	358.693
0.0371786 	358.693
0.0372143 	357.91
0.03725 	357.91
0.0372857 	358.767
0.0373214 	358.767
0.0373571 	358.782
0.0373929 	358.782
0.0374286 	357.52
0.0374643 	357.52
0.0375 	365.56
0.0375357 	365.56
0.0375714 	361.216
0.0376072 	361.216
0.0376429 	367.929
0.0376786 	367.929
0.0377143 	363.814
0.03775 	363.814
0.0377857 	364.78
0.0378214 	364.78
0.0378571 	364.337
0.0378929 	364.337
0.0379286 	364.573
0.0379643 	364.573
0.038 	364.327
0.0380357 	364.327
0.0380714 	364.083
0.0381072 	364.083
0.0381429 	364.405
0.0381786 	364.405
0.0382143 	363.322
0.03825 	363.322
0.0382857 	363.626
0.0383214 	363.626
0.0383571 	364.674
0.0383929 	364.674
0.0384286 	363.381
0.0384643 	363.381
0.0385 	364.316
0.0385357 	364.316
0.0385714 	364.304
0.0386071 	364.304
0.0386429 	364.325
0.0386786 	364.325
0.0387143 	363.222
0.03875 	363.222
0.0387857 	364.23
0.0388214 	364.23
0.0388571 	363.623
0.0388929 	363.623
0.0389286 	364.298
0.0389643 	364.298
0.039 	364.091
0.0390357 	364.091
0.0390714 	363.767
0.0391072 	363.767
0.0391429 	363.946
0.0391786 	363.946
0.0392143 	362.993
0.03925 	362.993
0.0392857 	364.17
0.0393214 	364.17
0.0393571 	364.269
0.0393929 	364.269
0.0394286 	364.199
0.0394643 	364.199
0.0395 	365.21
0.0395357 	365.21
0.0395714 	364.13
0.0396072 	364.13
0.0396429 	362.34
0.0396786 	362.34
0.0397143 	360.813
0.03975 	360.813
0.0397857 	359.021
0.0398214 	359.021
0.0398571 	360.805
0.0398929 	360.805
0.0399286 	360.896
