7.27919e-23 	337.677
3.57e-05 	337.677
7.14e-05 	337.116
0.00010715 	337.116
0.0001429 	337.386
0.0001786 	337.386
0.0002143 	337.726
0.00025 	337.726
0.0002857 	339.217
0.0003214 	339.217
0.0003571 	346.327
0.00039285 	346.327
0.0004286 	346.794
0.0004643 	346.794
0.0005 	347.777
0.0005357 	347.777
0.0005714 	347.777
0.00060715 	347.777
0.0006429 	347.878
0.0006786 	347.878
0.0007143 	347.019
0.00075 	347.019
0.0007857 	347.978
0.0008214 	347.978
0.0008571 	347.696
0.00089285 	347.696
0.0009286 	348.002
0.0009643 	348.002
0.001 	348.022
0.0010357 	348.022
0.0010714 	347.96
0.00110715 	347.96
0.0011429 	348.288
0.0011786 	348.288
0.0012143 	347.563
0.00125 	347.563
0.0012857 	348.476
0.0013214 	348.476
0.0013571 	348.628
0.00139285 	348.628
0.0014286 	348.657
0.0014643 	348.657
0.0015 	348.79
0.0015357 	348.79
0.0015714 	348.796
0.00160715 	348.796
0.0016429 	348.906
0.0016786 	348.906
0.0017143 	348.028
0.00175 	348.028
0.0017857 	349.015
0.0018214 	349.015
0.0018571 	348.728
0.00189285 	348.728
0.0019286 	349.046
0.0019643 	349.046
0.002 	349.068
0.0020357 	349.068
0.0020714 	349.011
0.00210715 	349.011
0.0021429 	349.344
0.0021786 	349.344
0.0022143 	348.607
0.00225 	348.607
0.0022857 	349.545
0.0023214 	349.545
0.0023571 	349.708
0.00239285 	349.708
0.0024286 	349.738
0.0024643 	349.738
0.0025 	349.877
0.0025357 	349.877
0.0025714 	349.887
0.00260715 	349.887
0.0026429 	350.003
0.0026786 	350.003
0.0027143 	349.104
0.00275 	349.104
0.0027857 	350.116
0.0028214 	350.116
0.0028571 	349.827
0.00289285 	349.827
0.0029286 	350.157
0.0029643 	350.157
0.003 	350.182
0.0030357 	350.182
0.0030714 	350.138
0.00310715 	350.138
0.0031429 	350.487
0.0031786 	350.487
0.0032143 	349.737
0.00325 	349.737
0.0032857 	350.701
0.0033214 	350.701
0.0033571 	350.873
0.00339285 	350.873
0.0034286 	350.905
0.0034643 	350.905
0.0035 	351.056
0.0035357 	351.056
0.0035714 	351.069
0.00360715 	351.069
0.0036429 	351.198
0.0036786 	351.198
0.0037143 	350.278
0.00375 	350.278
0.0037857 	351.329
0.0038214 	351.329
0.0038571 	351.027
0.00389285 	351.027
0.0039286 	351.371
0.0039643 	351.371
0.004 	351.398
0.0040357 	351.398
0.0040714 	351.356
0.00410715 	351.356
0.0041429 	351.715
0.0041786 	351.715
0.0042143 	350.95
0.00425 	350.95
0.0042857 	351.938
0.0043214 	351.938
0.0043571 	352.122
0.00439285 	352.122
0.0044286 	352.156
0.0044643 	352.156
0.0045 	352.316
0.0045357 	352.316
0.0045714 	352.332
0.00460715 	352.332
0.0046429 	352.47
0.0046786 	352.47
0.0047143 	351.527
0.00475 	351.527
0.0047857 	352.615
0.0048214 	352.615
0.0048571 	352.304
0.00489285 	352.304
0.0049286 	352.661
0.0049643 	352.661
0.005 	352.689
0.0050357 	352.689
0.0050714 	352.651
0.00510715 	352.651
0.0051429 	353.022
0.0051786 	353.022
0.0052143 	352.24
0.00525 	352.24
0.0052857 	353.259
0.0053214 	353.259
0.0053571 	353.454
0.00539285 	353.454
0.0054286 	353.49
0.0054643 	353.49
0.0055 	353.664
0.0055357 	353.664
0.0055714 	353.676
0.00560715 	353.676
0.0056429 	353.827
0.0056786 	353.827
0.0057143 	352.86
0.00575 	352.86
0.0057857 	353.993
0.0058214 	353.993
0.0058571 	353.678
0.00589285 	353.678
0.0059286 	354.053
0.0059643 	354.053
0.006 	354.084
0.0060357 	354.084
0.0060714 	354.052
0.00610715 	354.052
0.0061429 	354.433
0.0061786 	354.433
0.0062143 	353.635
0.00625 	353.635
0.0062857 	354.685
0.0063214 	354.685
0.0063571 	354.894
0.00639285 	354.894
0.0064286 	354.933
0.0064643 	354.933
0.0065 	355.123
0.0065357 	355.123
0.0065714 	355.144
0.00660715 	355.144
0.0066429 	355.311
0.0066786 	355.311
0.0067143 	354.317
0.00675 	354.317
0.0067857 	355.495
0.0068214 	355.495
0.0068571 	355.173
0.00689285 	355.173
0.0069286 	355.568
0.0069643 	355.568
0.007 	355.602
0.0070357 	355.602
0.0070714 	355.581
0.00710715 	355.581
0.0071429 	355.974
0.0071786 	355.974
0.0072143 	355.159
0.00725 	355.159
0.0072857 	356.242
0.0073214 	356.242
0.0073571 	356.467
0.00739285 	356.467
0.0074286 	356.506
0.0074643 	356.506
0.0075 	356.704
0.0075357 	356.704
0.0075714 	356.724
0.00760715 	356.724
0.0076429 	356.899
0.0076786 	356.899
0.0077143 	355.876
0.00775 	355.876
0.0077857 	357.106
0.0078214 	357.106
0.0078571 	356.779
0.00789285 	356.779
0.0079286 	357.197
0.0079643 	357.197
0.008 	357.235
0.0080357 	357.235
0.0080714 	357.227
0.00810715 	357.227
0.0081429 	357.634
0.0081786 	357.634
0.0082143 	356.802
0.00825 	356.802
0.0082857 	357.922
0.0083214 	357.922
0.0083571 	358.165
0.00839285 	358.165
0.0084286 	358.208
0.0084643 	358.208
0.0085 	358.429
0.0085357 	358.429
0.0085714 	358.451
0.00860715 	358.451
0.0086429 	358.647
0.0086786 	358.647
0.0087143 	357.593
0.00875 	357.593
0.0087857 	358.87
0.0088214 	358.87
0.0088571 	358.534
0.00889285 	358.534
0.0089286 	358.972
0.0089643 	358.972
0.009 	359.013
0.0090357 	359.013
0.0090714 	359.022
0.00910715 	359.022
0.0091429 	359.446
0.0091786 	359.446
0.0092143 	358.596
0.00925 	358.596
0.0092857 	359.759
0.0093214 	359.759
0.0093571 	360.024
0.00939285 	360.024
0.0094286 	360.07
0.0094643 	360.07
0.0095 	360.314
0.0095357 	360.314
0.0095714 	360.343
0.00960715 	360.343
0.0096429 	360.561
0.0096786 	360.561
0.0097143 	359.474
0.00975 	359.474
0.0097857 	360.812
0.0098214 	360.812
0.0098571 	360.463
0.00989285 	360.463
0.0099286 	360.927
0.0099643 	360.927
0.01 	360.973
0.0100357 	360.973
0.0100714 	360.998
0.0101071 	360.998
0.0101429 	361.44
0.0101786 	361.44
0.0102143 	360.573
0.01025 	360.573
0.0102857 	361.781
0.0103214 	361.781
0.0103571 	362.074
0.0103929 	362.074
0.0104286 	362.124
0.0104643 	362.124
0.0105 	362.394
0.0105357 	362.394
0.0105714 	362.428
0.0106071 	362.428
0.0106429 	362.67
0.0106786 	362.67
0.0107143 	361.544
0.01075 	361.544
0.0107857 	362.946
0.0108214 	362.946
0.0108571 	362.587
0.0108929 	362.587
0.0109286 	363.078
0.0109643 	363.078
0.011 	363.13
0.0110357 	363.13
0.0110714 	363.169
0.0111071 	363.169
0.0111429 	363.636
0.0111786 	363.636
0.0112143 	362.75
0.01125 	362.75
0.0112857 	364.005
0.0113214 	364.005
0.0113571 	364.329
0.0113929 	364.329
0.0114286 	364.383
0.0114643 	364.383
0.0115 	364.683
0.0115357 	364.683
0.0115714 	364.721
0.0116071 	364.721
0.0116429 	364.99
0.0116786 	364.99
0.0117143 	363.824
0.01175 	363.824
0.0117857 	365.31
0.0118214 	365.31
0.0118571 	364.94
0.0118929 	364.94
0.0119286 	365.472
0.0119643 	365.472
0.012 	365.53
0.0120357 	365.53
0.0120714 	365.607
0.0121071 	365.607
0.0121429 	366.1
0.0121786 	366.1
0.0122143 	365.196
0.01225 	365.196
0.0122857 	366.51
0.0123214 	366.51
0.0123571 	366.868
0.0123929 	366.868
0.0124286 	366.927
0.0124643 	366.927
0.0125 	367.263
0.0125357 	367.263
0.0125714 	367.31
0.0126071 	367.31
0.0126429 	367.614
0.0126786 	367.614
0.0127143 	366.403
0.01275 	366.403
0.0127857 	367.979
0.0128214 	367.979
0.0128571 	367.598
0.0128929 	367.598
0.0129286 	368.17
0.0129643 	368.17
0.013 	368.235
0.0130357 	368.235
0.0130714 	368.343
0.0131071 	368.343
0.0131429 	368.861
0.0131786 	368.861
0.0132143 	367.938
0.01325 	367.938
0.0132857 	369.314
0.0133214 	369.314
0.0133571 	369.718
0.0133929 	369.718
0.0134286 	369.783
0.0134643 	369.783
0.0135 	370.163
0.0135357 	370.163
0.0135714 	370.217
0.0136071 	370.217
0.0136429 	370.561
0.0136786 	370.561
0.0137143 	369.3
0.01375 	369.3
0.0137857 	370.98
0.0138214 	370.98
0.0138571 	370.589
0.0138929 	370.589
0.0139286 	371.213
0.0139643 	371.213
0.014 	371.289
0.0140357 	371.289
0.0140714 	371.44
0.0141071 	371.44
0.0141429 	371.99
0.0141786 	371.99
0.0142143 	371.055
0.01425 	371.055
0.0142857 	372.504
0.0143214 	372.504
0.0143571 	372.97
0.0143929 	372.97
0.0144286 	373.042
0.0144643 	373.042
0.0145 	373.468
0.0145357 	373.468
0.0145714 	373.532
0.0146071 	373.532
0.0146429 	373.921
0.0146786 	373.921
0.0147143 	372.602
0.01475 	372.602
0.0147857 	374.415
0.0148214 	374.415
0.0148571 	374.01
0.0148929 	374.01
0.0149286 	374.695
0.0149643 	374.695
0.015 	374.781
0.0150357 	374.781
0.0150714 	374.981
0.0151071 	374.981
0.0151429 	375.568
0.0151786 	375.568
0.0152143 	374.611
0.01525 	374.611
0.0152857 	376.15
0.0153214 	376.15
0.0153571 	376.68
0.0153929 	376.68
0.0154286 	376.762
0.0154643 	376.762
0.0155 	377.265
0.0155357 	377.265
0.0155714 	377.344
0.0156071 	377.344
0.0156429 	377.804
0.0156786 	377.804
0.0157143 	376.422
0.01575 	376.422
0.0157857 	378.386
0.0158214 	378.386
0.0158571 	377.971
0.0158929 	377.971
0.0159286 	378.733
0.0159643 	378.733
0.016 	378.834
0.0160357 	378.834
0.0160714 	379.106
0.0161071 	379.106
0.0161429 	379.733
0.0161786 	379.733
0.0162143 	378.765
0.01625 	378.765
0.0162857 	380.404
0.0163214 	380.404
0.0163571 	381.024
0.0163929 	381.024
0.0164286 	381.117
0.0164643 	381.117
0.0165 	381.705
0.0165357 	381.705
0.0165714 	381.804
0.0166071 	381.804
0.0166429 	382.345
0.0166786 	382.345
0.0167143 	380.89
0.01675 	380.89
0.0167857 	383.047
0.0168214 	383.047
0.0168571 	382.619
0.0168929 	382.619
0.0169286 	383.479
0.0169643 	383.479
0.017 	383.602
0.0170357 	383.602
0.0170714 	383.969
0.0171071 	383.969
0.0171429 	384.655
0.0171786 	384.655
0.0172143 	383.683
0.01725 	383.683
0.0172857 	385.45
0.0173214 	385.45
0.0173571 	386.196
0.0173929 	386.196
0.0174286 	386.305
0.0174643 	386.305
0.0175 	387.017
0.0175357 	387.017
0.0175714 	387.142
0.0176071 	387.142
0.0176429 	387.799
0.0176786 	387.799
0.0177143 	386.258
0.01775 	386.258
0.0177857 	388.663
0.0178214 	388.663
0.0178571 	388.221
0.0178929 	388.221
0.0179286 	389.213
0.0179643 	389.213
0.018 	389.362
0.0180357 	389.362
0.0180714 	389.872
0.0181071 	389.872
0.0181429 	390.622
0.0181786 	390.622
0.0182143 	389.66
0.01825 	389.66
0.0182857 	391.581
0.0183214 	391.581
0.0183571 	392.49
0.0183929 	392.49
0.0184286 	392.623
0.0184643 	392.623
0.0185 	393.504
0.0185357 	393.504
0.0185714 	393.665
0.0186071 	393.665
0.0186429 	394.481
0.0186786 	394.481
0.0187143 	392.84
0.01875 	392.84
0.0187857 	395.576
0.0188214 	395.576
0.0188571 	395.124
0.0188929 	395.124
0.0189286 	396.294
0.0189643 	396.294
0.019 	396.481
0.0190357 	396.481
0.0190714 	397.187
0.0191071 	397.187
0.0191429 	398.029
0.0191786 	398.029
0.0192143 	397.105
0.01925 	397.105
0.0192857 	399.228
0.0193214 	399.228
0.0193571 	400.385
0.0193929 	400.385
0.0194286 	400.546
0.0194643 	400.546
0.0195 	401.669
0.0195357 	401.669
0.0195714 	401.879
0.0196071 	401.879
0.0196429 	402.923
0.0196786 	402.923
0.0197143 	401.159
0.01975 	401.159
0.0197857 	404.353
0.0198214 	404.353
0.0198571 	403.902
0.0198929 	403.902
0.0199286 	405.335
0.0199643 	405.335
0.02 	405.583
0.0200357 	405.583
0.0200714 	406.604
0.0201071 	406.604
0.0201429 	407.569
0.0201786 	407.569
0.0202143 	406.735
0.02025 	406.735
0.0202857 	409.133
0.0203214 	409.133
0.0203571 	410.663
0.0203929 	410.663
0.0204286 	410.872
0.0204643 	410.872
0.0205 	412.378
0.0205357 	412.378
0.0205714 	412.674
0.0206071 	412.674
0.0206429 	414.082
0.0206786 	414.082
0.0207143 	412.172
0.02075 	412.172
0.0207857 	416.075
0.0208214 	416.075
0.0208571 	415.639
0.0208929 	415.639
0.0209286 	417.492
0.0209643 	417.492
0.021 	417.839
0.0210357 	417.839
0.0210714 	419.394
0.0211071 	419.394
0.0211429 	420.547
0.0211786 	420.547
0.0212143 	419.927
0.02125 	419.927
0.0212857 	422.725
0.0213214 	422.725
0.0213571 	424.902
0.0213929 	424.902
0.0214286 	425.189
0.0214643 	425.189
0.0215 	427.369
0.0215357 	427.369
0.0215714 	427.812
0.0216071 	427.812
0.0216429 	429.865
0.0216786 	429.865
0.0217143 	427.774
0.02175 	427.774
0.0217857 	432.869
0.0218214 	432.869
0.0218571 	432.49
0.0218929 	432.49
0.0219286 	435.092
0.0219643 	435.092
0.022 	435.623
0.0220357 	435.623
0.0220714 	438.203
0.0221071 	438.203
0.0221429 	439.672
0.0221786 	439.672
0.0222143 	439.58
0.02225 	439.58
0.0222857 	443.046
0.0223214 	443.046
0.0223571 	446.496
0.0223929 	446.496
0.0224286 	446.941
0.0224643 	446.941
0.0225 	450.512
0.0225357 	450.512
0.0225714 	451.263
0.0226071 	451.263
0.0226429 	454.664
0.0226786 	454.664
0.0227143 	452.362
0.02275 	452.362
0.0227857 	459.888
0.0228214 	459.888
0.0228571 	459.715
0.0228929 	459.715
0.0229286 	463.953
0.0229643 	463.953
0.023 	464.914
0.0230357 	464.914
0.0230714 	469.945
0.0231071 	469.945
0.0231429 	472.069
0.0231786 	472.069
0.0232143 	473.568
0.02325 	473.568
0.0232857 	478.408
0.0233214 	478.408
0.0233571 	485.129
0.0233929 	485.129
0.0234286 	485.99
0.0234643 	485.99
0.0235 	493.448
0.0235357 	493.448
0.0235714 	495.085
0.0236071 	495.085
0.0236429 	502.399
0.0236786 	502.399
0.0237143 	500.002
0.02375 	500.002
0.0237857 	514.745
0.0238214 	514.745
0.0238571 	515.465
0.0238929 	515.465
0.0239286 	525.244
0.0239643 	525.244
0.024 	527.814
0.0240357 	527.814
0.0240714 	542.376
0.0241071 	542.376
0.0241429 	546.766
0.0241786 	546.766
0.0242143 	556.726
0.02425 	556.726
0.0242857 	566.529
0.0243214 	566.529
0.0243571 	589.06
0.0243929 	589.06
0.0244286 	592.181
0.0244643 	592.181
0.0245 	623.902
0.0245357 	623.902
0.0245714 	631.24
0.0246071 	631.24
0.0246429 	666.638
0.0246786 	666.638
0.0247143 	668.388
0.02475 	668.388
0.0247857 	749.208
0.0248214 	749.208
0.0248571 	756.784
0.0248929 	756.784
0.0249286 	709.772
0.0249643 	709.772
0.025 	669.199
0.0250357 	669.199
0.0250714 	390.156
0.0251071 	390.156
0.0251429 	357.047
0.0251786 	357.047
0.0252143 	300.022
0.02525 	300.022
0.0252857 	300
0.0253214 	300
0.0253571 	300
0.0253929 	300
0.0254286 	300
0.0255 	300
0.0255714 	300
0.0256429 	300
0.0257143 	300
0.0258571 	300
0.026 	300
0.0261429 	300
0.0262857 	300
0.0265714 	300
0.0268571 	300
0.0271429 	300
0.0274286 	300
0.0277143 	300
0.028 	300
0.0282857 	300
0.0285714 	300
0.0288571 	300
0.0291429 	300
0.0294286 	300
0.0297143 	300
0.03 	300
0.0302857 	300
0.0305714 	300
0.0308571 	300
0.0311428 	300
0.0314286 	300
0.0317143 	300
0.032 	300
0.0322857 	300
0.0325714 	300
0.0328572 	300
0.0331429 	300
0.0334286 	300
0.0337143 	300
0.034 	300
0.0342857 	300
0.0345714 	300
0.0348571 	300
0.0351429 	300
0.0354286 	300
0.0357143 	300
0.036 	300
0.0362857 	300
0.0365714 	300
0.0368572 	300
0.0371429 	300
0.0374286 	300
0.0377143 	300
0.038 	300
0.0382857 	300
0.0385714 	300
0.0388571 	300
0.0391429 	300
0.0394286 	300
