7.27919e-23 	339.758
3.57e-05 	339.758
7.14e-05 	339.163
0.00010715 	339.163
0.0001429 	339.481
0.0001786 	339.481
0.0002143 	340.17
0.00025 	340.17
0.0002857 	341.899
0.0003214 	341.899
0.0003571 	350.039
0.00039285 	350.039
0.0004286 	350.574
0.0004643 	350.574
0.0005 	351.692
0.0005357 	351.692
0.0005714 	351.698
0.00060715 	351.698
0.0006429 	351.829
0.0006786 	351.829
0.0007143 	350.896
0.00075 	350.896
0.0007857 	351.966
0.0008214 	351.966
0.0008571 	351.662
0.00089285 	351.662
0.0009286 	352.012
0.0009643 	352.012
0.001 	352.039
0.0010357 	352.039
0.0010714 	351.995
0.00110715 	351.995
0.0011429 	352.36
0.0011786 	352.36
0.0012143 	351.584
0.00125 	351.584
0.0012857 	352.587
0.0013214 	352.587
0.0013571 	352.775
0.00139285 	352.775
0.0014286 	352.81
0.0014643 	352.81
0.0015 	352.977
0.0015357 	352.977
0.0015714 	352.989
0.00160715 	352.989
0.0016429 	353.133
0.0016786 	353.133
0.0017143 	352.177
0.00175 	352.177
0.0017857 	353.284
0.0018214 	353.284
0.0018571 	352.974
0.00189285 	352.974
0.0019286 	353.34
0.0019643 	353.34
0.002 	353.37
0.0020357 	353.37
0.0020714 	353.335
0.00210715 	353.335
0.0021429 	353.707
0.0021786 	353.707
0.0022143 	352.918
0.00225 	352.918
0.0022857 	353.952
0.0023214 	353.952
0.0023571 	354.155
0.00239285 	354.155
0.0024286 	354.192
0.0024643 	354.192
0.0025 	354.37
0.0025357 	354.37
0.0025714 	354.387
0.00260715 	354.387
0.0026429 	354.541
0.0026786 	354.541
0.0027143 	353.558
0.00275 	353.558
0.0027857 	354.702
0.0028214 	354.702
0.0028571 	354.387
0.00289285 	354.387
0.0029286 	354.771
0.0029643 	354.771
0.003 	354.804
0.0030357 	354.804
0.0030714 	354.787
0.00310715 	354.787
0.0031429 	355.178
0.0031786 	355.178
0.0032143 	354.374
0.00325 	354.374
0.0032857 	355.442
0.0033214 	355.442
0.0033571 	355.66
0.00339285 	355.66
0.0034286 	355.7
0.0034643 	355.7
0.0035 	355.895
0.0035357 	355.895
0.0035714 	355.916
0.00360715 	355.916
0.0036429 	356.087
0.0036786 	356.087
0.0037143 	355.078
0.00375 	355.078
0.0037857 	356.273
0.0038214 	356.273
0.0038571 	355.945
0.00389285 	355.945
0.0039286 	356.348
0.0039643 	356.348
0.004 	356.385
0.0040357 	356.385
0.0040714 	356.374
0.00410715 	356.374
0.0041429 	356.779
0.0041786 	356.779
0.0042143 	355.958
0.00425 	355.958
0.0042857 	357.059
0.0043214 	357.059
0.0043571 	357.295
0.00439285 	357.295
0.0044286 	357.337
0.0044643 	357.337
0.0045 	357.548
0.0045357 	357.548
0.0045714 	357.573
0.00460715 	357.573
0.0046429 	357.759
0.0046786 	357.759
0.0047143 	356.72
0.00475 	356.72
0.0047857 	357.967
0.0048214 	357.967
0.0048571 	357.628
0.00489285 	357.628
0.0049286 	358.052
0.0049643 	358.052
0.005 	358.09
0.0050357 	358.09
0.0050714 	358.09
0.00510715 	358.09
0.0051429 	358.51
0.0051786 	358.51
0.0052143 	357.67
0.00525 	357.67
0.0052857 	358.812
0.0053214 	358.812
0.0053571 	359.067
0.00539285 	359.067
0.0054286 	359.111
0.0054643 	359.111
0.0055 	359.344
0.0055357 	359.344
0.0055714 	359.367
0.00560715 	359.367
0.0056429 	359.574
0.0056786 	359.574
0.0057143 	358.503
0.00575 	358.503
0.0057857 	359.812
0.0058214 	359.812
0.0058571 	359.467
0.00589285 	359.467
0.0059286 	359.918
0.0059643 	359.918
0.006 	359.961
0.0060357 	359.961
0.0060714 	359.974
0.00610715 	359.974
0.0061429 	360.41
0.0061786 	360.41
0.0062143 	359.551
0.00625 	359.551
0.0062857 	360.735
0.0063214 	360.735
0.0063571 	361.014
0.00639285 	361.014
0.0064286 	361.063
0.0064643 	361.063
0.0065 	361.321
0.0065357 	361.321
0.0065714 	361.354
0.00660715 	361.354
0.0066429 	361.586
0.0066786 	361.586
0.0067143 	360.479
0.00675 	360.479
0.0067857 	361.854
0.0068214 	361.854
0.0068571 	361.502
0.00689285 	361.502
0.0069286 	361.981
0.0069643 	361.981
0.007 	362.03
0.0070357 	362.03
0.0070714 	362.063
0.00710715 	362.063
0.0071429 	362.517
0.0071786 	362.517
0.0072143 	361.639
0.00725 	361.639
0.0072857 	362.87
0.0073214 	362.87
0.0073571 	363.176
0.00739285 	363.176
0.0074286 	363.228
0.0074643 	363.228
0.0075 	363.504
0.0075357 	363.504
0.0075714 	363.538
0.00760715 	363.538
0.0076429 	363.788
0.0076786 	363.788
0.0077143 	362.642
0.00775 	362.642
0.0077857 	364.094
0.0078214 	364.094
0.0078571 	363.735
0.00789285 	363.735
0.0079286 	364.251
0.0079643 	364.251
0.008 	364.305
0.0080357 	364.305
0.0080714 	364.363
0.00810715 	364.363
0.0081429 	364.838
0.0081786 	364.838
0.0082143 	363.942
0.00825 	363.942
0.0082857 	365.227
0.0083214 	365.227
0.0083571 	365.566
0.00839285 	365.566
0.0084286 	365.622
0.0084643 	365.622
0.0085 	365.936
0.0085357 	365.936
0.0085714 	365.976
0.00860715 	365.976
0.0086429 	366.26
0.0086786 	366.26
0.0087143 	365.071
0.00875 	365.071
0.0087857 	366.601
0.0088214 	366.601
0.0088571 	366.23
0.00889285 	366.23
0.0089286 	366.781
0.0089643 	366.781
0.009 	366.842
0.0090357 	366.842
0.0090714 	366.931
0.00910715 	366.931
0.0091429 	367.432
0.0091786 	367.432
0.0092143 	366.517
0.00925 	366.517
0.0092857 	367.864
0.0093214 	367.864
0.0093571 	368.243
0.00939285 	368.243
0.0094286 	368.305
0.0094643 	368.305
0.0095 	368.66
0.0095357 	368.66
0.0095714 	368.711
0.00960715 	368.711
0.0096429 	369.034
0.0096786 	369.034
0.0097143 	367.799
0.00975 	367.799
0.0097857 	369.427
0.0098214 	369.427
0.0098571 	369.041
0.00989285 	369.041
0.0099286 	369.638
0.0099643 	369.638
0.01 	369.708
0.0100357 	369.708
0.0100714 	369.833
0.0101071 	369.833
0.0101429 	370.362
0.0101786 	370.362
0.0102143 	369.43
0.01025 	369.43
0.0102857 	370.846
0.0103214 	370.846
0.0103571 	371.277
0.0103929 	371.277
0.0104286 	371.346
0.0104643 	371.346
0.0105 	371.751
0.0105357 	371.751
0.0105714 	371.812
0.0106071 	371.812
0.0106429 	372.181
0.0106786 	372.181
0.0107143 	370.891
0.01075 	370.891
0.0107857 	372.631
0.0108214 	372.631
0.0108571 	372.232
0.0108929 	372.232
0.0109286 	372.881
0.0109643 	372.881
0.011 	372.962
0.0110357 	372.962
0.0110714 	373.127
0.0111071 	373.127
0.0111429 	373.694
0.0111786 	373.694
0.0112143 	372.744
0.01125 	372.744
0.0112857 	374.237
0.0113214 	374.237
0.0113571 	374.732
0.0113929 	374.732
0.0114286 	374.808
0.0114643 	374.808
0.0115 	375.274
0.0115357 	375.274
0.0115714 	375.345
0.0116071 	375.345
0.0116429 	375.771
0.0116786 	375.771
0.0117143 	374.422
0.01175 	374.422
0.0117857 	376.307
0.0118214 	376.307
0.0118571 	375.896
0.0118929 	375.896
0.0119286 	376.619
0.0119643 	376.619
0.012 	376.713
0.0120357 	376.713
0.0120714 	376.953
0.0121071 	376.953
0.0121429 	377.562
0.0121786 	377.562
0.0122143 	376.599
0.01225 	376.599
0.0122857 	378.188
0.0123214 	378.188
0.0123571 	378.76
0.0123929 	378.76
0.0124286 	378.847
0.0124643 	378.847
0.0125 	379.391
0.0125357 	379.391
0.0125714 	379.48
0.0126071 	379.48
0.0126429 	379.98
0.0126786 	379.98
0.0127143 	378.562
0.01275 	378.562
0.0127857 	380.618
0.0128214 	380.618
0.0128571 	380.194
0.0128929 	380.194
0.0129286 	381.002
0.0129643 	381.002
0.013 	381.113
0.0130357 	381.113
0.0130714 	381.433
0.0131071 	381.433
0.0131429 	382.089
0.0131786 	382.089
0.0132143 	381.118
0.01325 	381.118
0.0132857 	382.818
0.0133214 	382.818
0.0133571 	383.494
0.0133929 	383.494
0.0134286 	383.595
0.0134643 	383.595
0.0135 	384.243
0.0135357 	384.243
0.0135714 	384.352
0.0136071 	384.352
0.0136429 	384.948
0.0136786 	384.948
0.0137143 	383.451
0.01375 	383.451
0.0137857 	385.721
0.0138214 	385.721
0.0138571 	385.287
0.0138929 	385.287
0.0139286 	386.209
0.0139643 	386.209
0.014 	386.344
0.0140357 	386.344
0.0140714 	386.781
0.0141071 	386.781
0.0141429 	387.498
0.0141786 	387.498
0.0142143 	386.534
0.01425 	386.534
0.0142857 	388.373
0.0143214 	388.373
0.0143571 	389.198
0.0143929 	389.198
0.0144286 	389.317
0.0144643 	389.317
0.0145 	390.096
0.0145357 	390.096
0.0145714 	390.233
0.0146071 	390.233
0.0146429 	390.955
0.0146786 	390.955
0.0147143 	389.364
0.01475 	389.364
0.0147857 	391.923
0.0148214 	391.923
0.0148571 	391.478
0.0148929 	391.478
0.0149286 	392.551
0.0149643 	392.551
0.015 	392.718
0.0150357 	392.718
0.0150714 	393.314
0.0151071 	393.314
0.0151429 	394.109
0.0151786 	394.109
0.0152143 	393.16
0.01525 	393.16
0.0152857 	395.176
0.0153214 	395.176
0.0153571 	396.194
0.0153929 	396.194
0.0154286 	396.339
0.0154643 	396.339
0.0155 	397.329
0.0155357 	397.329
0.0155714 	397.51
0.0156071 	397.51
0.0156429 	398.429
0.0156786 	398.429
0.0157143 	396.73
0.01575 	396.73
0.0157857 	399.674
0.0158214 	399.674
0.0158571 	399.225
0.0158929 	399.225
0.0159286 	400.514
0.0159643 	400.514
0.016 	400.729
0.0160357 	400.729
0.0160714 	401.573
0.0161071 	401.573
0.0161429 	402.47
0.0161786 	402.47
0.0162143 	401.581
0.01625 	401.581
0.0162857 	403.827
0.0163214 	403.827
0.0163571 	405.146
0.0163929 	405.146
0.0164286 	405.328
0.0164643 	405.328
0.0165 	406.617
0.0165357 	406.617
0.0165714 	406.865
0.0166071 	406.865
0.0166429 	408.068
0.0166786 	408.068
0.0167143 	406.236
0.01675 	406.236
0.0167857 	409.748
0.0168214 	409.748
0.0168571 	409.301
0.0168929 	409.301
0.0169286 	410.919
0.0169643 	410.919
0.017 	411.21
0.0170357 	411.21
0.0170714 	412.455
0.0171071 	412.455
0.0171429 	413.505
0.0171786 	413.505
0.0172143 	412.756
0.01725 	412.756
0.0172857 	415.331
0.0173214 	415.331
0.0173571 	417.141
0.0173929 	417.141
0.0174286 	417.383
0.0174643 	417.383
0.0175 	419.18
0.0175357 	419.18
0.0175714 	419.538
0.0176071 	419.538
0.0176429 	421.224
0.0176786 	421.224
0.0177143 	419.228
0.01775 	419.228
0.0177857 	423.641
0.0178214 	423.641
0.0178571 	423.225
0.0178929 	423.225
0.0179286 	425.392
0.0179643 	425.392
0.018 	425.814
0.0180357 	425.814
0.0180714 	427.785
0.0181071 	427.785
0.0181429 	429.071
0.0181786 	429.071
0.0182143 	428.649
0.01825 	428.649
0.0182857 	431.731
0.0183214 	431.731
0.0183571 	434.42
0.0183929 	434.42
0.0184286 	434.771
0.0184643 	434.771
0.0185 	437.514
0.0185357 	437.514
0.0185714 	438.083
0.0186071 	438.083
0.0186429 	440.678
0.0186786 	440.678
0.0187143 	438.484
0.01875 	438.484
0.0187857 	444.552
0.0188214 	444.552
0.0188571 	444.247
0.0188929 	444.247
0.0189286 	447.481
0.0189643 	447.481
0.019 	448.173
0.0190357 	448.173
0.0190714 	451.666
0.0191071 	451.666
0.0191429 	453.389
0.0191786 	453.389
0.0192143 	453.848
0.01925 	453.848
0.0192857 	457.853
0.0193214 	457.853
0.0193571 	462.494
0.0193929 	462.494
0.0194286 	463.088
0.0194643 	463.088
0.0195 	468.023
0.0195357 	468.023
0.0195714 	469.084
0.0196071 	469.084
0.0196429 	473.837
0.0196786 	473.837
0.0197143 	471.442
0.01975 	471.442
0.0197857 	481.411
0.0198214 	481.411
0.0198571 	481.504
0.0198929 	481.504
0.0199286 	487.521
0.0199643 	487.521
0.02 	488.976
0.0200357 	488.976
0.0200714 	496.901
0.0201071 	496.901
0.0201429 	499.733
0.0201786 	499.733
0.0202143 	503.475
0.02025 	503.475
0.0202857 	509.81
0.0203214 	509.81
0.0203571 	520.779
0.0203929 	520.779
0.0204286 	522.21
0.0204643 	522.21
0.0205 	535.362
0.0205357 	535.362
0.0205714 	538.319
0.0206071 	538.319
0.0206429 	551.677
0.0206786 	551.677
0.0207143 	549.727
0.02075 	549.727
0.0207857 	576.673
0.0208214 	576.673
0.0208571 	579.297
0.0208929 	579.297
0.0209286 	600.197
0.0209643 	600.197
0.021 	606.405
0.0210357 	606.405
0.0210714 	643.16
0.0211071 	643.16
0.0211429 	652.882
0.0211786 	652.882
0.0212143 	691.572
0.02125 	691.572
0.0212857 	715.104
0.0213214 	715.104
0.0213571 	767.954
0.0213929 	767.954
0.0214286 	760.886
0.0214643 	760.886
0.0215 	551.955
0.0215357 	551.955
0.0215714 	497.183
0.0216071 	497.183
0.0216429 	316.713
0.0216786 	316.713
0.0217143 	300.006
0.02175 	300.006
0.0217857 	300
0.0218214 	300
0.0218571 	300
0.0219286 	300
0.022 	300
0.0221429 	300
0.0222857 	300
0.0225714 	300
0.0228571 	300
0.0231429 	300
0.0234286 	300
0.0237143 	300
0.024 	300
0.0242857 	300
0.0245714 	300
0.0248571 	300
0.0251429 	300
0.0254286 	300
0.0257143 	300
0.026 	300
0.0262857 	300
0.0265714 	300
0.0268571 	300
0.0271429 	300
0.0274286 	300
0.0277143 	300
0.028 	300
0.0282857 	300
0.0285714 	300
0.0288571 	300
0.0291429 	300
0.0294286 	300
0.0297143 	300
0.03 	300
0.0302857 	300
0.0305714 	300
0.0308571 	300
0.0311428 	300
0.0314286 	300
0.0317143 	300
0.032 	300
0.0322857 	300
0.0325714 	300
0.0328572 	300
0.0331429 	300
0.0334286 	300
0.0337143 	300
0.034 	300
0.0342857 	300
0.0345714 	300
0.0348571 	300
0.0351429 	300
0.0354286 	300
0.0357143 	300
0.036 	300
0.0362857 	300
0.0365714 	300
0.0368572 	300
0.0371429 	300
0.0374286 	300
0.0377143 	300
0.038 	300
0.0382857 	300
0.0385714 	300
0.0388571 	300
0.0391429 	300
0.0394286 	300
