7.27919e-23 	345.322
3.57e-05 	345.322
7.14e-05 	344.637
0.00010715 	344.637
0.0001429 	345.107
0.0001786 	345.107
0.0002143 	347.096
0.00025 	347.096
0.0002857 	349.621
0.0003214 	349.621
0.0003571 	361.172
0.00039285 	361.172
0.0004286 	361.936
0.0004643 	361.936
0.0005 	363.52
0.0005357 	363.52
0.0005714 	363.551
0.00060715 	363.551
0.0006429 	363.802
0.0006786 	363.802
0.0007143 	362.653
0.00075 	362.653
0.0007857 	364.096
0.0008214 	364.096
0.0008571 	363.731
0.00089285 	363.731
0.0009286 	364.242
0.0009643 	364.242
0.001 	364.295
0.0010357 	364.295
0.0010714 	364.351
0.00110715 	364.351
0.0011429 	364.832
0.0011786 	364.832
0.0012143 	363.933
0.00125 	363.933
0.0012857 	365.22
0.0013214 	365.22
0.0013571 	365.559
0.00139285 	365.559
0.0014286 	365.615
0.0014643 	365.615
0.0015 	365.931
0.0015357 	365.931
0.0015714 	365.971
0.00160715 	365.971
0.0016429 	366.255
0.0016786 	366.255
0.0017143 	365.064
0.00175 	365.064
0.0017857 	366.59
0.0018214 	366.59
0.0018571 	366.216
0.00189285 	366.216
0.0019286 	366.766
0.0019643 	366.766
0.002 	366.827
0.0020357 	366.827
0.0020714 	366.913
0.00210715 	366.913
0.0021429 	367.415
0.0021786 	367.415
0.0022143 	366.5
0.00225 	366.5
0.0022857 	367.848
0.0023214 	367.848
0.0023571 	368.231
0.00239285 	368.231
0.0024286 	368.293
0.0024643 	368.293
0.0025 	368.645
0.0025357 	368.645
0.0025714 	368.696
0.00260715 	368.696
0.0026429 	369.013
0.0026786 	369.013
0.0027143 	367.774
0.00275 	367.774
0.0027857 	369.393
0.0028214 	369.393
0.0028571 	369.009
0.00289285 	369.009
0.0029286 	369.605
0.0029643 	369.605
0.003 	369.676
0.0030357 	369.676
0.0030714 	369.81
0.00310715 	369.81
0.0031429 	370.347
0.0031786 	370.347
0.0032143 	369.415
0.00325 	369.415
0.0032857 	370.833
0.0033214 	370.833
0.0033571 	371.265
0.00339285 	371.265
0.0034286 	371.334
0.0034643 	371.334
0.0035 	371.737
0.0035357 	371.737
0.0035714 	371.799
0.00360715 	371.799
0.0036429 	372.166
0.0036786 	372.166
0.0037143 	370.875
0.00375 	370.875
0.0037857 	372.617
0.0038214 	372.617
0.0038571 	372.217
0.00389285 	372.217
0.0039286 	372.87
0.0039643 	372.87
0.004 	372.951
0.0040357 	372.951
0.0040714 	373.126
0.00410715 	373.126
0.0041429 	373.696
0.0041786 	373.696
0.0042143 	372.747
0.00425 	372.747
0.0042857 	374.243
0.0043214 	374.243
0.0043571 	374.737
0.00439285 	374.737
0.0044286 	374.814
0.0044643 	374.814
0.0045 	375.276
0.0045357 	375.276
0.0045714 	375.352
0.00460715 	375.352
0.0046429 	375.775
0.0046786 	375.775
0.0047143 	374.423
0.00475 	374.423
0.0047857 	376.306
0.0048214 	376.306
0.0048571 	375.891
0.00489285 	375.891
0.0049286 	376.611
0.0049643 	376.611
0.005 	376.704
0.0050357 	376.704
0.0050714 	376.938
0.00510715 	376.938
0.0051429 	377.547
0.0051786 	377.547
0.0052143 	376.583
0.00525 	376.583
0.0052857 	378.174
0.0053214 	378.174
0.0053571 	378.747
0.00539285 	378.747
0.0054286 	378.834
0.0054643 	378.834
0.0055 	379.378
0.0055357 	379.378
0.0055714 	379.463
0.00560715 	379.463
0.0056429 	379.962
0.0056786 	379.962
0.0057143 	378.543
0.00575 	378.543
0.0057857 	380.602
0.0058214 	380.602
0.0058571 	380.179
0.00589285 	380.179
0.0059286 	380.987
0.0059643 	380.987
0.006 	381.098
0.0060357 	381.098
0.0060714 	381.413
0.00610715 	381.413
0.0061429 	382.068
0.0061786 	382.068
0.0062143 	381.096
0.00625 	381.096
0.0062857 	382.799
0.0063214 	382.799
0.0063571 	383.475
0.00639285 	383.475
0.0064286 	383.577
0.0064643 	383.577
0.0065 	384.225
0.0065357 	384.225
0.0065714 	384.337
0.00660715 	384.337
0.0066429 	384.935
0.0066786 	384.935
0.0067143 	383.437
0.00675 	383.437
0.0067857 	385.715
0.0068214 	385.715
0.0068571 	385.282
0.00689285 	385.282
0.0069286 	386.205
0.0069643 	386.205
0.007 	386.339
0.0070357 	386.339
0.0070714 	386.77
0.00710715 	386.77
0.0071429 	387.485
0.0071786 	387.485
0.0072143 	386.514
0.00725 	386.514
0.0072857 	388.355
0.0073214 	388.355
0.0073571 	389.173
0.00739285 	389.173
0.0074286 	389.292
0.0074643 	389.292
0.0075 	390.07
0.0075357 	390.07
0.0075714 	390.207
0.00760715 	390.207
0.0076429 	390.929
0.0076786 	390.929
0.0077143 	389.338
0.00775 	389.338
0.0077857 	391.905
0.0078214 	391.905
0.0078571 	391.464
0.00789285 	391.464
0.0079286 	392.542
0.0079643 	392.542
0.008 	392.709
0.0080357 	392.709
0.0080714 	393.307
0.00810715 	393.307
0.0081429 	394.099
0.0081786 	394.099
0.0082143 	393.149
0.00825 	393.149
0.0082857 	395.167
0.0083214 	395.167
0.0083571 	396.184
0.00839285 	396.184
0.0084286 	396.328
0.0084643 	396.328
0.0085 	397.315
0.0085357 	397.315
0.0085714 	397.495
0.00860715 	397.495
0.0086429 	398.411
0.0086786 	398.411
0.0087143 	396.711
0.00875 	396.711
0.0087857 	399.657
0.0088214 	399.657
0.0088571 	399.208
0.00889285 	399.208
0.0089286 	400.499
0.0089643 	400.499
0.009 	400.713
0.0090357 	400.713
0.0090714 	401.561
0.00910715 	401.561
0.0091429 	402.458
0.0091786 	402.458
0.0092143 	401.567
0.00925 	401.567
0.0092857 	403.818
0.0093214 	403.818
0.0093571 	405.136
0.00939285 	405.136
0.0094286 	405.318
0.0094643 	405.318
0.0095 	406.61
0.0095357 	406.61
0.0095714 	406.858
0.00960715 	406.858
0.0096429 	408.064
0.0096786 	408.064
0.0097143 	406.231
0.00975 	406.231
0.0097857 	409.744
0.0098214 	409.744
0.0098571 	409.297
0.00989285 	409.297
0.0099286 	410.915
0.0099643 	410.915
0.01 	411.206
0.0100357 	411.206
0.0100714 	412.454
0.0101071 	412.454
0.0101429 	413.503
0.0101786 	413.503
0.0102143 	412.753
0.01025 	412.753
0.0102857 	415.33
0.0103214 	415.33
0.0103571 	417.138
0.0103929 	417.138
0.0104286 	417.38
0.0104643 	417.38
0.0105 	419.178
0.0105357 	419.178
0.0105714 	419.536
0.0106071 	419.536
0.0106429 	421.221
0.0106786 	421.221
0.0107143 	419.223
0.01075 	419.223
0.0107857 	423.632
0.0108214 	423.632
0.0108571 	423.215
0.0108929 	423.215
0.0109286 	425.377
0.0109643 	425.377
0.011 	425.8
0.0110357 	425.8
0.0110714 	427.762
0.0111071 	427.762
0.0111429 	429.05
0.0111786 	429.05
0.0112143 	428.627
0.01125 	428.627
0.0112857 	431.708
0.0113214 	431.708
0.0113571 	434.402
0.0113929 	434.402
0.0114286 	434.751
0.0114643 	434.751
0.0115 	437.489
0.0115357 	437.489
0.0115714 	438.054
0.0116071 	438.054
0.0116429 	440.646
0.0116786 	440.646
0.0117143 	438.451
0.01175 	438.451
0.0117857 	444.518
0.0118214 	444.518
0.0118571 	444.212
0.0118929 	444.212
0.0119286 	447.452
0.0119643 	447.452
0.012 	448.147
0.0120357 	448.147
0.0120714 	451.651
0.0121071 	451.651
0.0121429 	453.376
0.0121786 	453.376
0.0122143 	453.836
0.01225 	453.836
0.0122857 	457.836
0.0123214 	457.836
0.0123571 	462.47
0.0123929 	462.47
0.0124286 	463.064
0.0124643 	463.064
0.0125 	468.001
0.0125357 	468.001
0.0125714 	469.063
0.0126071 	469.063
0.0126429 	473.816
0.0126786 	473.816
0.0127143 	471.422
0.01275 	471.422
0.0127857 	481.402
0.0128214 	481.402
0.0128571 	481.497
0.0128929 	481.497
0.0129286 	487.516
0.0129643 	487.516
0.013 	488.971
0.0130357 	488.971
0.0130714 	496.899
0.0131071 	496.899
0.0131429 	499.731
0.0131786 	499.731
0.0132143 	503.47
0.01325 	503.47
0.0132857 	509.804
0.0133214 	509.804
0.0133571 	520.775
0.0133929 	520.775
0.0134286 	522.204
0.0134643 	522.204
0.0135 	535.352
0.0135357 	535.352
0.0135714 	538.311
0.0136071 	538.311
0.0136429 	551.675
0.0136786 	551.675
0.0137143 	549.725
0.01375 	549.725
0.0137857 	576.658
0.0138214 	576.658
0.0138571 	579.283
0.0138929 	579.283
0.0139286 	600.192
0.0139643 	600.192
0.014 	606.4
0.0140357 	606.4
0.0140714 	643.144
0.0141071 	643.144
0.0141429 	652.865
0.0141786 	652.865
0.0142143 	691.575
0.01425 	691.575
0.0142857 	715.109
0.0143214 	715.109
0.0143571 	767.931
0.0143929 	767.931
0.0144286 	760.862
0.0144643 	760.862
0.0145 	551.96
0.0145357 	551.96
0.0145714 	497.19
0.0146071 	497.19
0.0146429 	316.715
0.0146786 	316.715
0.0147143 	300.006
0.01475 	300.006
0.0147857 	300
0.0148214 	300
0.0148571 	300
0.0149286 	300
0.015 	300
0.0150714 	300
0.0151429 	300
0.0152857 	300
0.0154286 	300
0.0157143 	300
0.016 	300
0.0162857 	300
0.0165714 	300
0.0168571 	300
0.0171429 	300
0.0174286 	300
0.0177143 	300
0.018 	300
0.0182857 	300
0.0185714 	300
0.0188571 	300
0.0191429 	300
0.0194286 	300
0.0197143 	300
0.02 	300
0.0202857 	300
0.0205714 	300
0.0208571 	300
0.0211429 	300
0.0214286 	300
0.0217143 	300
0.022 	300
0.0222857 	300
0.0225714 	300
0.0228571 	300
0.0231429 	300
0.0234286 	300
0.0237143 	300
0.024 	300
0.0242857 	300
0.0245714 	300
0.0248571 	300
0.0251429 	300
0.0254286 	300
0.0257143 	300
0.026 	300
0.0262857 	300
0.0265714 	300
0.0268571 	300
0.0271429 	300
0.0274286 	300
0.0277143 	300
0.028 	300
0.0282857 	300
0.0285714 	300
0.0288571 	300
0.0291429 	300
0.0294286 	300
0.0297143 	300
0.03 	300
0.0302857 	300
0.0305714 	300
0.0308571 	300
0.0311428 	300
0.0314286 	300
0.0317143 	300
0.032 	300
0.0322857 	300
0.0325714 	300
0.0328572 	300
0.0331429 	300
0.0334286 	300
0.0337143 	300
0.034 	300
0.0342857 	300
0.0345714 	300
0.0348571 	300
0.0351429 	300
0.0354286 	300
0.0357143 	300
0.036 	300
0.0362857 	300
0.0365714 	300
0.0368572 	300
0.0371429 	300
0.0374286 	300
0.0377143 	300
0.038 	300
0.0382857 	300
0.0385714 	300
0.0388571 	300
0.0391429 	300
0.0394286 	300
