1.45584e-22 	318.326
7.145e-05 	318.326
0.0001429 	316.282
0.0001786 	316.282
0.0002143 	316.284
0.00025 	316.284
0.0002857 	322.154
0.0003214 	322.154
0.0003571 	324.742
0.00039285 	324.742
0.0004286 	325.005
0.0004643 	325.005
0.0005 	325.397
0.0005357 	325.397
0.0005714 	325.379
0.00060715 	325.379
0.0006429 	325.381
0.0006786 	325.381
0.0007143 	324.968
0.00075 	324.968
0.0007857 	325.371
0.0008214 	325.371
0.0008571 	325.245
0.00089285 	325.245
0.0009286 	325.36
0.0009643 	325.36
0.001 	325.361
0.0010357 	325.361
0.0010714 	325.296
0.00110715 	325.296
0.0011429 	325.42
0.0011786 	325.42
0.0012143 	325.066
0.00125 	325.066
0.0012857 	325.487
0.0013214 	325.487
0.0013571 	325.536
0.00139285 	325.536
0.0014286 	325.545
0.0014643 	325.545
0.0015 	325.573
0.0015357 	325.573
0.0015714 	325.564
0.00160715 	325.564
0.0016429 	325.564
0.0016786 	325.564
0.0017143 	325.056
0.00175 	325.056
0.0017857 	325.456
0.0018214 	325.456
0.0018571 	325.332
0.00189285 	325.332
0.0019286 	325.448
0.0019643 	325.448
0.002 	325.448
0.0020357 	325.448
0.0020714 	325.385
0.00210715 	325.385
0.0021429 	325.508
0.0021786 	325.508
0.0022143 	325.155
0.00225 	325.155
0.0022857 	325.576
0.0023214 	325.576
0.0023571 	325.628
0.00239285 	325.628
0.0024286 	325.634
0.0024643 	325.634
0.0025 	325.66
0.0025357 	325.66
0.0025714 	325.651
0.00260715 	325.651
0.0026429 	325.656
0.0026786 	325.656
0.0027143 	325.237
0.00275 	325.237
0.0027857 	325.641
0.0028214 	325.641
0.0028571 	325.518
0.00289285 	325.518
0.0029286 	325.636
0.0029643 	325.636
0.003 	325.638
0.0030357 	325.638
0.0030714 	325.577
0.00310715 	325.577
0.0031429 	325.704
0.0031786 	325.704
0.0032143 	325.349
0.00325 	325.349
0.0032857 	325.772
0.0033214 	325.772
0.0033571 	325.824
0.00339285 	325.824
0.0034286 	325.831
0.0034643 	325.831
0.0035 	325.86
0.0035357 	325.86
0.0035714 	325.853
0.00360715 	325.853
0.0036429 	325.86
0.0036786 	325.86
0.0037143 	325.437
0.00375 	325.437
0.0037857 	325.85
0.0038214 	325.85
0.0038571 	325.721
0.00389285 	325.721
0.0039286 	325.84
0.0039643 	325.84
0.004 	325.841
0.0040357 	325.841
0.0040714 	325.78
0.00410715 	325.78
0.0041429 	325.911
0.0041786 	325.911
0.0042143 	325.552
0.00425 	325.552
0.0042857 	325.978
0.0043214 	325.978
0.0043571 	326.031
0.00439285 	326.031
0.0044286 	326.039
0.0044643 	326.039
0.0045 	326.067
0.0045357 	326.067
0.0045714 	326.061
0.00460715 	326.061
0.0046429 	326.068
0.0046786 	326.068
0.0047143 	325.641
0.00475 	325.641
0.0047857 	326.058
0.0048214 	326.058
0.0048571 	325.926
0.00489285 	325.926
0.0049286 	326.047
0.0049643 	326.047
0.005 	326.047
0.0050357 	326.047
0.0050714 	325.984
0.00510715 	325.984
0.0051429 	326.114
0.0051786 	326.114
0.0052143 	325.751
0.00525 	325.751
0.0052857 	326.184
0.0053214 	326.184
0.0053571 	326.237
0.00539285 	326.237
0.0054286 	326.245
0.0054643 	326.245
0.0055 	326.275
0.0055357 	326.275
0.0055714 	326.265
0.00560715 	326.265
0.0056429 	326.269
0.0056786 	326.269
0.0057143 	325.719
0.00575 	325.719
0.0057857 	326.138
0.0058214 	326.138
0.0058571 	326.13
0.00589285 	326.13
0.0059286 	326.253
0.0059643 	326.253
0.006 	326.131
0.0060357 	326.131
0.0060714 	326.065
0.00610715 	326.065
0.0061429 	326.193
0.0061786 	326.193
0.0062143 	325.834
0.00625 	325.834
0.0062857 	326.264
0.0063214 	326.264
0.0063571 	326.319
0.00639285 	326.319
0.0064286 	326.326
0.0064643 	326.326
0.0065 	326.359
0.0065357 	326.359
0.0065714 	326.352
0.00660715 	326.352
0.0066429 	326.364
0.0066786 	326.364
0.0067143 	325.934
0.00675 	325.934
0.0067857 	326.358
0.0068214 	326.358
0.0068571 	326.229
0.00689285 	326.229
0.0069286 	326.352
0.0069643 	326.352
0.007 	326.353
0.0070357 	326.353
0.0070714 	326.29
0.00710715 	326.29
0.0071429 	326.42
0.0071786 	326.42
0.0072143 	326.056
0.00725 	326.056
0.0072857 	326.49
0.0073214 	326.49
0.0073571 	326.545
0.00739285 	326.545
0.0074286 	326.551
0.0074643 	326.551
0.0075 	326.581
0.0075357 	326.581
0.0075714 	326.572
0.00760715 	326.572
0.0076429 	326.581
0.0076786 	326.581
0.0077143 	326.145
0.00775 	326.145
0.0077857 	326.577
0.0078214 	326.577
0.0078571 	326.448
0.00789285 	326.448
0.0079286 	326.575
0.0079643 	326.575
0.008 	326.575
0.0080357 	326.575
0.0080714 	326.513
0.00810715 	326.513
0.0081429 	326.644
0.0081786 	326.644
0.0082143 	326.276
0.00825 	326.276
0.0082857 	326.715
0.0083214 	326.715
0.0083571 	326.771
0.00839285 	326.771
0.0084286 	326.778
0.0084643 	326.778
0.0085 	326.81
0.0085357 	326.81
0.0085714 	326.8
0.00860715 	326.8
0.0086429 	326.811
0.0086786 	326.811
0.0087143 	326.371
0.00875 	326.371
0.0087857 	326.805
0.0088214 	326.805
0.0088571 	326.673
0.00889285 	326.673
0.0089286 	326.801
0.0089643 	326.801
0.009 	326.802
0.0090357 	326.802
0.0090714 	326.739
0.00910715 	326.739
0.0091429 	326.87
0.0091786 	326.87
0.0092143 	326.502
0.00925 	326.502
0.0092857 	327.066
0.0093214 	327.066
0.0093571 	327.125
0.00939285 	327.125
0.0094286 	327.132
0.0094643 	327.132
0.0095 	327.162
0.0095357 	327.162
0.0095714 	327.037
0.00960715 	327.037
0.0096429 	327.041
0.0096786 	327.041
0.0097143 	326.437
0.00975 	326.437
0.0097857 	326.864
0.0098214 	326.864
0.0098571 	326.733
0.00989285 	326.733
0.0099286 	326.86
0.0099643 	326.86
0.01 	326.861
0.0100357 	326.861
0.0100714 	326.802
0.0101071 	326.802
0.0101429 	326.93
0.0101786 	326.93
0.0102143 	326.564
0.01025 	326.564
0.0102857 	327.006
0.0103214 	327.006
0.0103571 	327.065
0.0103929 	327.065
0.0104286 	327.072
0.0104643 	327.072
0.0105 	327.108
0.0105357 	327.108
0.0105714 	327.099
0.0106071 	327.099
0.0106429 	327.114
0.0106786 	327.114
0.0107143 	326.666
0.01075 	326.666
0.0107857 	327.105
0.0108214 	327.105
0.0108571 	327.1
0.0108929 	327.1
0.0109286 	327.234
0.0109643 	327.234
0.011 	327.234
0.0110357 	327.234
0.0110714 	327.165
0.0111071 	327.165
0.0111429 	327.171
0.0111786 	327.171
0.0112143 	326.803
0.01125 	326.803
0.0112857 	327.417
0.0113214 	327.417
0.0113571 	327.48
0.0113929 	327.48
0.0114286 	327.487
0.0114643 	327.487
0.0115 	327.525
0.0115357 	327.525
0.0115714 	327.516
0.0116071 	327.516
0.0116429 	327.529
0.0116786 	327.529
0.0117143 	327.074
0.01175 	327.074
0.0117857 	327.528
0.0118214 	327.528
0.0118571 	327.388
0.0118929 	327.388
0.0119286 	327.521
0.0119643 	327.521
0.012 	327.52
0.0120357 	327.52
0.0120714 	327.46
0.0121071 	327.46
0.0121429 	327.602
0.0121786 	327.602
0.0122143 	327.217
0.01225 	327.217
0.0122857 	327.677
0.0123214 	327.677
0.0123571 	327.737
0.0123929 	327.737
0.0124286 	327.744
0.0124643 	327.744
0.0125 	327.782
0.0125357 	327.782
0.0125714 	327.774
0.0126071 	327.774
0.0126429 	327.79
0.0126786 	327.79
0.0127143 	327.329
0.01275 	327.329
0.0127857 	327.788
0.0128214 	327.788
0.0128571 	327.644
0.0128929 	327.644
0.0129286 	327.78
0.0129643 	327.78
0.013 	327.78
0.0130357 	327.78
0.0130714 	327.713
0.0131071 	327.713
0.0131429 	327.687
0.0131786 	327.687
0.0132143 	327.303
0.01325 	327.303
0.0132857 	327.76
0.0133214 	327.76
0.0133571 	327.821
0.0133929 	327.821
0.0134286 	327.828
0.0134643 	327.828
0.0135 	327.869
0.0135357 	327.869
0.0135714 	327.859
0.0136071 	327.859
0.0136429 	327.877
0.0136786 	327.877
0.0137143 	327.422
0.01375 	327.422
0.0137857 	327.88
0.0138214 	327.88
0.0138571 	327.741
0.0138929 	327.741
0.0139286 	327.877
0.0139643 	327.877
0.014 	327.877
0.0140357 	327.877
0.0140714 	327.82
0.0141071 	327.82
0.0141429 	327.962
0.0141786 	327.962
0.0142143 	327.58
0.01425 	327.58
0.0142857 	328.041
0.0143214 	328.041
0.0143571 	328.106
0.0143929 	328.106
0.0144286 	328.113
0.0144643 	328.113
0.0145 	328.162
0.0145357 	328.162
0.0145714 	328.503
0.0146071 	328.503
0.0146429 	328.526
0.0146786 	328.526
0.0147143 	328.048
0.01475 	328.048
0.0147857 	328.53
0.0148214 	328.53
0.0148571 	328.377
0.0148929 	328.377
0.0149286 	328.518
0.0149643 	328.518
0.015 	328.52
0.0150357 	328.52
0.0150714 	328.438
0.0151071 	328.438
0.0151429 	328.245
0.0151786 	328.245
0.0152143 	327.856
0.01525 	327.856
0.0152857 	328.674
0.0153214 	328.674
0.0153571 	328.743
0.0153929 	328.743
0.0154286 	328.771
0.0154643 	328.771
0.0155 	328.809
0.0155357 	328.809
0.0155714 	328.801
0.0156071 	328.801
0.0156429 	328.815
0.0156786 	328.815
0.0157143 	328.331
0.01575 	328.331
0.0157857 	328.819
0.0158214 	328.819
0.0158571 	328.666
0.0158929 	328.666
0.0159286 	328.808
0.0159643 	328.808
0.016 	328.81
0.0160357 	328.81
0.0160714 	328.738
0.0161071 	328.738
0.0161429 	328.897
0.0161786 	328.897
0.0162143 	328.475
0.01625 	328.475
0.0162857 	328.966
0.0163214 	328.966
0.0163571 	329.025
0.0163929 	329.025
0.0164286 	329.035
0.0164643 	329.035
0.0165 	329.07
0.0165357 	329.07
0.0165714 	329.064
0.0166071 	329.064
0.0166429 	329.079
0.0166786 	329.079
0.0167143 	328.58
0.01675 	328.58
0.0167857 	329.072
0.0168214 	329.072
0.0168571 	328.917
0.0168929 	328.917
0.0169286 	329.061
0.0169643 	329.061
0.017 	329.064
0.0170357 	329.064
0.0170714 	328.99
0.0171071 	328.99
0.0171429 	329.154
0.0171786 	329.154
0.0172143 	328.73
0.01725 	328.73
0.0172857 	329.229
0.0173214 	329.229
0.0173571 	329.289
0.0173929 	329.289
0.0174286 	329.299
0.0174643 	329.299
0.0175 	329.338
0.0175357 	329.338
0.0175714 	329.333
0.0176071 	329.333
0.0176429 	329.35
0.0176786 	329.35
0.0177143 	328.855
0.01775 	328.855
0.0177857 	329.355
0.0178214 	329.355
0.0178571 	329.197
0.0178929 	329.197
0.0179286 	329.343
0.0179643 	329.343
0.018 	329.347
0.0180357 	329.347
0.0180714 	329.276
0.0181071 	329.276
0.0181429 	329.439
0.0181786 	329.439
0.0182143 	329.008
0.01825 	329.008
0.0182857 	329.512
0.0183214 	329.512
0.0183571 	329.572
0.0183929 	329.572
0.0184286 	329.585
0.0184643 	329.585
0.0185 	329.624
0.0185357 	329.624
0.0185714 	329.619
0.0186071 	329.619
0.0186429 	329.637
0.0186786 	329.637
0.0187143 	329.137
0.01875 	329.137
0.0187857 	329.643
0.0188214 	329.643
0.0188571 	329.482
0.0188929 	329.482
0.0189286 	329.63
0.0189643 	329.63
0.019 	329.631
0.0190357 	329.631
0.0190714 	329.559
0.0191071 	329.559
0.0191429 	329.725
0.0191786 	329.725
0.0192143 	329.292
0.01925 	329.292
0.0192857 	329.802
0.0193214 	329.802
0.0193571 	329.865
0.0193929 	329.865
0.0194286 	329.876
0.0194643 	329.876
0.0195 	329.919
0.0195357 	329.919
0.0195714 	329.911
0.0196071 	329.911
0.0196429 	329.93
0.0196786 	329.93
0.0197143 	329.424
0.01975 	329.424
0.0197857 	329.937
0.0198214 	329.937
0.0198571 	329.776
0.0198929 	329.776
0.0199286 	329.925
0.0199643 	329.925
0.02 	329.927
0.0200357 	329.927
0.0200714 	329.854
0.0201071 	329.854
0.0201429 	330.022
0.0201786 	330.022
0.0202143 	329.582
0.02025 	329.582
0.0202857 	330.1
0.0203214 	330.1
0.0203571 	330.164
0.0203929 	330.164
0.0204286 	330.176
0.0204643 	330.176
0.0205 	330.215
0.0205357 	330.215
0.0205714 	330.211
0.0206071 	330.211
0.0206429 	330.229
0.0206786 	330.229
0.0207143 	329.717
0.02075 	329.717
0.0207857 	330.234
0.0208214 	330.234
0.0208571 	330.071
0.0208929 	330.071
0.0209286 	330.224
0.0209643 	330.224
0.021 	330.228
0.0210357 	330.228
0.0210714 	330.156
0.0211071 	330.156
0.0211429 	330.329
0.0211786 	330.329
0.0212143 	329.886
0.02125 	329.886
0.0212857 	330.409
0.0213214 	330.409
0.0213571 	330.473
0.0213929 	330.473
0.0214286 	330.485
0.0214643 	330.485
0.0215 	330.527
0.0215357 	330.527
0.0215714 	330.521
0.0216071 	330.521
0.0216429 	330.54
0.0216786 	330.54
0.0217143 	330.022
0.02175 	330.022
0.0217857 	330.549
0.0218214 	330.549
0.0218571 	330.384
0.0218929 	330.384
0.0219286 	330.539
0.0219643 	330.539
0.022 	330.542
0.0220357 	330.542
0.0220714 	330.471
0.0221071 	330.471
0.0221429 	330.649
0.0221786 	330.649
0.0222143 	330.2
0.02225 	330.2
0.0222857 	330.731
0.0223214 	330.731
0.0223571 	330.798
0.0223929 	330.798
0.0224286 	330.811
0.0224643 	330.811
0.0225 	330.853
0.0225357 	330.853
0.0225714 	330.846
0.0226071 	330.846
0.0226429 	330.867
0.0226786 	330.867
0.0227143 	330.342
0.02275 	330.342
0.0227857 	330.877
0.0228214 	330.877
0.0228571 	330.701
0.0228929 	330.701
0.0229286 	330.858
0.0229643 	330.858
0.023 	330.862
0.0230357 	330.862
0.0230714 	330.786
0.0231071 	330.786
0.0231429 	330.964
0.0231786 	330.964
0.0232143 	330.51
0.02325 	330.51
0.0232857 	331.046
0.0233214 	331.046
0.0233571 	331.113
0.0233929 	331.113
0.0234286 	331.125
0.0234643 	331.125
0.0235 	331.17
0.0235357 	331.17
0.0235714 	331.166
0.0236071 	331.166
0.0236429 	331.189
0.0236786 	331.189
0.0237143 	330.658
0.02375 	330.658
0.0237857 	331.203
0.0238214 	331.203
0.0238571 	331.033
0.0238929 	331.033
0.0239286 	331.192
0.0239643 	331.192
0.024 	331.196
0.0240357 	331.196
0.0240714 	331.121
0.0241071 	331.121
0.0241429 	331.301
0.0241786 	331.301
0.0242143 	330.84
0.02425 	330.84
0.0242857 	331.386
0.0243214 	331.386
0.0243571 	331.456
0.0243929 	331.456
0.0244286 	331.467
0.0244643 	331.467
0.0245 	331.514
0.0245357 	331.514
0.0245714 	331.509
0.0246071 	331.509
0.0246429 	331.534
0.0246786 	331.534
0.0247143 	330.997
0.02475 	330.997
0.0247857 	331.548
0.0248214 	331.548
0.0248571 	331.376
0.0248929 	331.376
0.0249286 	331.54
0.0249643 	331.54
0.025 	331.544
0.0250357 	331.544
0.0250714 	331.47
0.0251071 	331.47
0.0251429 	331.652
0.0251786 	331.652
0.0252143 	331.188
0.02525 	331.188
0.0252857 	331.741
0.0253214 	331.741
0.0253571 	331.812
0.0253929 	331.812
0.0254286 	331.823
0.0254643 	331.823
0.0255 	331.872
0.0255357 	331.872
0.0255714 	331.865
0.0256071 	331.865
0.0256429 	331.889
0.0256786 	331.889
0.0257143 	331.3
0.02575 	331.3
0.0257857 	331.859
0.0258214 	331.859
0.0258571 	331.685
0.0258929 	331.685
0.0259286 	331.853
0.0259643 	331.853
0.026 	337.49
0.0260357 	337.49
0.0260714 	443.085
0.0261071 	443.085
0.0261429 	494.706
0.0261786 	494.706
0.0262143 	754.857
0.02625 	754.857
0.0262857 	783.713
0.0263214 	783.713
0.0263571 	772.204
0.0263929 	772.204
0.0264286 	757.402
0.0264643 	757.402
0.0265 	694.666
0.0265357 	694.666
0.0265714 	688.961
0.0266071 	688.961
0.0266429 	650.937
0.0266786 	650.937
0.0267143 	636.504
0.02675 	636.504
0.0267857 	618.947
0.0268214 	618.947
0.0268571 	612.678
0.0268929 	612.678
0.0269286 	591.01
0.0269643 	591.01
0.027 	587.242
0.0270357 	587.242
0.0270714 	573.569
0.0271071 	573.569
0.0271429 	572.377
0.0271786 	572.377
0.0272143 	552.693
0.02725 	552.693
0.0272857 	555.542
0.0273214 	555.542
0.0273571 	546.017
0.0273929 	546.017
0.0274286 	543.883
0.0274643 	543.883
0.0275 	534.283
0.0275357 	534.283
0.0275714 	533.193
0.0276071 	533.193
0.0276429 	524.806
0.0276786 	524.806
0.0277143 	518.786
0.02775 	518.786
0.0277857 	516.978
0.0278214 	516.978
0.0278571 	514.374
0.0278929 	514.374
0.0279286 	508.314
0.0279643 	508.314
0.028 	507.152
0.0280357 	507.152
0.0280714 	502.091
0.0281071 	502.091
0.0281429 	502.353
0.0281786 	502.353
0.0282143 	493.301
0.02825 	493.301
0.0282857 	496.226
0.0283214 	496.226
0.0283571 	492.318
0.0283929 	492.318
0.0284286 	491.441
0.0284643 	491.441
0.0285 	487.333
0.0285357 	487.333
0.0285714 	486.817
0.0286071 	486.817
0.0286429 	482.869
0.0286786 	482.869
0.0287143 	478.597
0.02875 	478.597
0.0287857 	479.039
0.0288214 	479.039
0.0288571 	477.273
0.0288929 	477.273
0.0289286 	474.48
0.0289643 	474.48
0.029 	473.88
0.0290357 	473.88
0.0290714 	470.923
0.0291071 	470.923
0.0291429 	471.465
0.0291786 	471.465
0.0292143 	465.435
0.02925 	465.435
0.0292857 	468.16
0.0293214 	468.16
0.0293571 	465.944
0.0293929 	465.944
0.0294286 	465.455
0.0294643 	465.455
0.0295 	463.083
0.0295357 	463.083
0.0295714 	462.76
0.0296071 	462.76
0.0296429 	460.381
0.0296786 	460.381
0.0297143 	456.877
0.02975 	456.877
0.0297857 	458.007
0.0298214 	458.007
0.0298571 	456.605
0.0298929 	456.605
0.0299286 	455.032
0.0299643 	455.032
0.03 	454.652
0.0300357 	454.652
0.0300714 	452.586
0.0301071 	452.586
0.0301429 	453.216
0.0301786 	453.216
0.0302143 	448.59
0.03025 	448.59
0.0302857 	451.136
0.0303214 	451.136
0.0303571 	449.678
0.0303928 	449.678
0.0304286 	449.364
0.0304643 	449.364
0.0305 	447.776
0.0305357 	447.776
0.0305714 	447.546
0.0306071 	447.546
0.0306429 	445.922
0.0306786 	445.922
0.0307143 	442.857
0.03075 	442.857
0.0307857 	444.263
0.0308214 	444.263
0.0308571 	443.064
0.0308928 	443.064
0.0309286 	442.127
0.0309643 	442.127
0.031 	441.868
0.0310357 	441.868
0.0310714 	440.281
0.0311072 	440.281
0.0311429 	440.933
0.0311786 	440.933
0.0312143 	437.086
0.03125 	437.086
0.0312857 	439.485
0.0313214 	439.485
0.0313571 	438.446
0.0313928 	438.446
0.0314286 	438.232
0.0314643 	438.232
0.0315 	437.092
0.0315357 	437.092
0.0315714 	436.914
0.0316072 	436.914
0.0316429 	435.718
0.0316786 	435.718
0.0317143 	432.94
0.03175 	432.94
0.0317857 	434.466
0.0318214 	434.466
0.0318571 	433.405
0.0318929 	433.405
0.0319286 	432.812
0.0319643 	432.812
0.032 	432.614
0.0320357 	432.614
0.0320714 	431.32
0.0321072 	431.32
0.0321429 	431.979
0.0321786 	431.979
0.0322143 	428.65
0.03225 	428.65
0.0322857 	430.933
0.0323214 	430.933
0.0323571 	430.16
0.0323929 	430.16
0.0324286 	430.005
0.0324643 	430.005
0.0325 	429.136
0.0325357 	429.136
0.0325714 	428.989
0.0326072 	428.989
0.0326429 	428.021
0.0326786 	428.021
0.0327143 	424.044
0.03275 	424.044
0.0327857 	425.499
0.0328214 	425.499
0.0328571 	426.062
0.0328929 	426.062
0.0329286 	425.717
0.0329643 	425.717
0.033 	424.075
0.0330357 	424.075
0.0330714 	422.915
0.0331072 	422.915
0.0331429 	423.537
0.0331786 	423.537
0.0332143 	420.606
0.03325 	420.606
0.0332857 	422.752
0.0333214 	422.752
0.0333571 	422.057
0.0333929 	422.057
0.0334286 	420.154
0.0334643 	420.154
0.0335 	419.313
0.0335357 	419.313
0.0335714 	419.264
0.0336072 	419.264
0.0336429 	418.422
0.0336786 	418.422
0.0337143 	416.089
0.03375 	416.089
0.0337857 	417.447
0.0338214 	417.447
0.0338571 	420.081
0.0338929 	420.081
0.0339286 	419.873
0.0339643 	419.873
0.034 	416.297
0.0340357 	416.297
0.0340714 	415.162
0.0341072 	415.162
0.0341429 	415.758
0.0341786 	415.758
0.0342143 	413.2
0.03425 	413.2
0.0342857 	416.8
0.0343214 	416.8
0.0343571 	416.206
0.0343929 	416.206
0.0344286 	414.605
0.0344643 	414.605
0.0345 	413.922
0.0345357 	413.922
0.0345714 	415.485
0.0346072 	415.485
0.0346429 	414.628
0.0346786 	414.628
0.0347143 	405.908
0.03475 	405.908
0.0347857 	406.806
0.0348214 	406.806
0.0348571 	413.135
0.0348929 	413.135
0.0349286 	412.995
0.0349643 	412.995
0.035 	406.085
0.0350357 	406.085
0.0350714 	405.171
0.0351072 	405.171
0.0351429 	410.91
0.0351786 	410.91
0.0352143 	408.432
0.03525 	408.432
0.0352857 	405.222
0.0353214 	405.222
0.0353571 	404.556
0.0353929 	404.556
0.0354286 	404.568
0.0354643 	404.568
0.0355 	403.95
0.0355357 	403.95
0.0355714 	404.047
0.0356072 	404.047
0.0356429 	403.42
0.0356786 	403.42
0.0357143 	401.739
0.03575 	401.739
0.0357857 	402.79
0.0358214 	402.79
0.0358571 	411.53
0.0358929 	411.53
0.0359286 	411.592
0.0359643 	411.592
0.036 	402.228
0.0360357 	402.228
0.0360714 	401.286
0.0361072 	401.286
0.0361429 	401.677
0.0361786 	401.677
0.0362143 	399.697
0.03625 	399.697
0.0362857 	401.706
0.0363214 	401.706
0.0363571 	401.159
0.0363929 	401.159
0.0364286 	401.005
0.0364643 	401.005
0.0365 	400.473
0.0365357 	400.473
0.0365714 	400.752
0.0366072 	400.752
0.0366429 	400.09
0.0366786 	400.09
0.0367143 	398.336
0.03675 	398.336
0.0367857 	399.266
0.0368214 	399.266
0.0368571 	405.792
0.0368929 	405.792
0.0369286 	406.092
0.0369643 	406.092
0.037 	398.72
0.0370357 	398.72
0.0370714 	397.907
0.0371072 	397.907
0.0371429 	398.249
0.0371786 	398.249
0.0372143 	396.428
0.03725 	396.428
0.0372857 	397.987
0.0373214 	397.987
0.0373571 	397.729
0.0373929 	397.729
0.0374286 	395.863
0.0374643 	395.863
0.0375 	407.24
0.0375357 	407.24
0.0375714 	400.734
0.0376072 	400.734
0.0376429 	410.343
0.0376786 	410.343
0.0377143 	404.486
0.03775 	404.486
0.0377857 	406.132
0.0378214 	406.132
0.0378571 	405.291
0.0378929 	405.291
0.0379286 	405.446
0.0379643 	405.446
0.038 	405.237
0.0380357 	405.237
0.0380714 	404.621
0.0381072 	404.621
0.0381429 	405.19
0.0381786 	405.19
0.0382143 	403.048
0.03825 	403.048
0.0382857 	403.813
0.0383214 	403.813
0.0383571 	405.192
0.0383929 	405.192
0.0384286 	403.174
0.0384643 	403.174
0.0385 	404.392
0.0385357 	404.392
0.0385714 	404.323
0.0386071 	404.323
0.0386429 	404.149
0.0386786 	404.149
0.0387143 	402.198
0.03875 	402.198
0.0387857 	403.819
0.0388214 	403.819
0.0388571 	402.658
0.0388929 	402.658
0.0389286 	403.5
0.0389643 	403.5
0.039 	403.147
0.0390357 	403.147
0.0390714 	402.466
0.0391072 	402.466
0.0391429 	402.893
0.0391786 	402.893
0.0392143 	400.966
0.03925 	400.966
0.0392857 	402.884
0.0393214 	402.884
0.0393571 	402.838
0.0393929 	402.838
0.0394286 	402.616
0.0394643 	402.616
0.0395 	404.002
0.0395357 	404.002
0.0395714 	402.447
0.0396072 	402.447
0.0396429 	399.576
0.0396786 	399.576
0.0397143 	397
0.03975 	397
0.0397857 	393.282
0.0398214 	393.282
0.0398571 	394.693
0.0398929 	394.693
0.0399286 	389.796
