2.91168e-22 	309.65
0.00014285 	309.65
0.0002857 	315.887
0.00035715 	315.887
0.0004286 	316.936
0.0005 	316.936
0.0005714 	310.536
0.00071425 	310.536
0.0008571 	310.41
0.001 	310.41
0.0011429 	310.452
0.00128575 	310.452
0.0014286 	310.546
0.00157145 	310.546
0.0017143 	316.967
0.0017857 	316.967
0.0018571 	317.036
0.00192855 	317.036
0.002 	310.525
0.00214285 	310.525
0.0022857 	315.325
0.00235715 	315.325
0.0024286 	315.46
0.0025 	315.46
0.0025714 	313.075
0.00264285 	313.075
0.0027143 	313.146
0.0027857 	313.146
0.0028571 	310.602
0.003 	310.602
0.0031429 	315.187
0.0032143 	315.187
0.0032857 	315.476
0.00335715 	315.476
0.0034286 	317.309
0.0035 	317.309
0.0035714 	323.521
0.00360715 	323.521
0.0036429 	323.515
0.0036786 	323.515
0.0037143 	317.179
0.0037857 	317.179
0.0038571 	317.255
0.00392855 	317.255
0.004 	310.387
0.00414285 	310.387
0.0042857 	317.408
0.00435715 	317.408
0.0044286 	323.673
0.0044643 	323.673
0.0045 	323.699
0.0045357 	323.699
0.0045714 	323.691
0.00460715 	323.691
0.0046429 	323.684
0.0046786 	323.684
0.0047143 	317.29
0.0047857 	317.29
0.0048571 	323.554
0.00489285 	323.554
0.0049286 	323.668
0.0049643 	323.668
0.005 	323.667
0.0050357 	323.667
0.0050714 	323.605
0.00510715 	323.605
0.0051429 	317.312
0.0052143 	317.312
0.0052857 	323.778
0.0053214 	323.778
0.0053571 	323.831
0.00539285 	323.831
0.0054286 	323.836
0.0054643 	323.836
0.0055 	323.861
0.0055357 	323.861
0.0055714 	323.851
0.00560715 	323.851
0.0056429 	323.835
0.0056786 	323.835
0.0057143 	317.467
0.0057857 	317.467
0.0058571 	323.707
0.00589285 	323.707
0.0059286 	323.82
0.0059643 	323.82
0.006 	317.505
0.00607145 	317.505
0.0061429 	317.478
0.0062143 	317.478
0.0062857 	310.106
0.00642855 	310.106
0.0065714 	310.491
0.00671425 	310.491
0.0068571 	310.084
0.007 	310.084
0.0071429 	317.547
0.0072143 	317.547
0.0072857 	323.969
0.0073214 	323.969
0.0073571 	324.025
0.00739285 	324.025
0.0074286 	324.03
0.0074643 	324.03
0.0075 	324.054
0.0075357 	324.054
0.0075714 	324.045
0.00760715 	324.045
0.0076429 	324.043
0.0076786 	324.043
0.0077143 	317.603
0.0077857 	317.603
0.0078571 	323.922
0.00789285 	323.922
0.0079286 	324.035
0.0079643 	324.035
0.008 	324.034
0.0080357 	324.034
0.0080714 	323.977
0.00810715 	323.977
0.0081429 	317.656
0.0082143 	317.656
0.0082857 	324.149
0.0083214 	324.149
0.0083571 	324.201
0.00839285 	324.201
0.0084286 	324.206
0.0084643 	324.206
0.0085 	324.233
0.0085357 	324.233
0.0085714 	324.222
0.00860715 	324.222
0.0086429 	324.227
0.0086786 	324.227
0.0087143 	323.839
0.00875 	323.839
0.0087857 	324.213
0.0088214 	324.213
0.0088571 	324.101
0.00889285 	324.101
0.0089286 	324.211
0.0089643 	324.211
0.009 	324.21
0.0090357 	324.21
0.0090714 	324.155
0.00910715 	324.155
0.0091429 	324.26
0.0091786 	324.26
0.0092143 	323.943
0.00925 	323.943
0.0092857 	324.465
0.0093214 	324.465
0.0093571 	324.52
0.00939285 	324.52
0.0094286 	324.525
0.0094643 	324.525
0.0095 	324.548
0.0095357 	324.548
0.0095714 	324.409
0.00960715 	324.409
0.0096429 	324.396
0.0096786 	324.396
0.0097143 	317.828
0.0097857 	317.828
0.0098571 	324.085
0.00989285 	324.085
0.0099286 	324.201
0.0099643 	324.201
0.01 	317.945
0.0100714 	317.945
0.0101429 	317.867
0.0102143 	317.867
0.0102857 	324.315
0.0103214 	324.315
0.0103571 	324.374
0.0103929 	324.374
0.0104286 	324.379
0.0104643 	324.379
0.0105 	324.409
0.0105357 	324.409
0.0105714 	324.399
0.0106071 	324.399
0.0106429 	324.403
0.0106786 	324.403
0.0107143 	317.935
0.0107857 	317.935
0.0108571 	324.412
0.0108929 	324.412
0.0109286 	324.532
0.0109643 	324.532
0.011 	324.53
0.0110357 	324.53
0.0110714 	324.466
0.0111071 	324.466
0.0111429 	318.001
0.0112143 	318.001
0.0112857 	324.69
0.0113214 	324.69
0.0113571 	324.75
0.0113929 	324.75
0.0114286 	324.755
0.0114643 	324.755
0.0115 	324.786
0.0115357 	324.786
0.0115714 	324.776
0.0116071 	324.776
0.0116429 	324.782
0.0116786 	324.782
0.0117143 	324.383
0.01175 	324.383
0.0117857 	324.773
0.0118214 	324.773
0.0118571 	324.654
0.0118929 	324.654
0.0119286 	324.767
0.0119643 	324.767
0.012 	324.764
0.0120357 	324.764
0.0120714 	324.71
0.0121071 	324.71
0.0121429 	324.828
0.0121786 	324.828
0.0122143 	324.494
0.01225 	324.494
0.0122857 	324.894
0.0123214 	324.894
0.0123571 	324.947
0.0123929 	324.947
0.0124286 	324.952
0.0124643 	324.952
0.0125 	324.983
0.0125357 	324.983
0.0125714 	324.973
0.0126071 	324.973
0.0126429 	324.982
0.0126786 	324.982
0.0127143 	324.599
0.01275 	324.599
0.0127857 	382.027
0.0128214 	382.027
0.0128571 	415.011
0.0128929 	415.011
0.0129286 	694.201
0.0129643 	694.201
0.013 	734.771
0.0130357 	734.771
0.0130714 	781.709
0.0131071 	781.709
0.0131429 	774.066
0.0131786 	774.066
0.0132143 	692.874
0.01325 	692.874
0.0132857 	691.518
0.0133214 	691.518
0.0133571 	656.164
0.0133929 	656.164
0.0134286 	648.827
0.0134643 	648.827
0.0135 	617.144
0.0135357 	617.144
0.0135714 	614.015
0.0136071 	614.015
0.0136429 	591.504
0.0136786 	591.504
0.0137143 	581.315
0.01375 	581.315
0.0137857 	571.754
0.0138214 	571.754
0.0138571 	567.249
0.0138929 	567.249
0.0139286 	552.791
0.0139643 	552.791
0.014 	550.22
0.0140357 	550.22
0.0140714 	540.388
0.0141071 	540.388
0.0141429 	539.785
0.0141786 	539.785
0.0142143 	524.723
0.01425 	524.723
0.0142857 	527.517
0.0143214 	527.517
0.0143571 	520.256
0.0143929 	520.256
0.0144286 	518.62
0.0144643 	518.62
0.0145 	511.201
0.0145357 	511.201
0.0145714 	510.715
0.0146071 	510.715
0.0146429 	504.024
0.0146786 	504.024
0.0147143 	498.764
0.01475 	498.764
0.0147857 	497.682
0.0148214 	497.682
0.0148571 	495.429
0.0148929 	495.429
0.0149286 	490.507
0.0149643 	490.507
0.015 	489.548
0.0150357 	489.548
0.0150714 	485.226
0.0151071 	485.226
0.0151429 	485.148
0.0151786 	485.148
0.0152143 	477.282
0.01525 	477.282
0.0152857 	480.174
0.0153214 	480.174
0.0153571 	476.838
0.0153929 	476.838
0.0154286 	476.315
0.0154643 	476.315
0.0155 	472.775
0.0155357 	472.775
0.0155714 	472.297
0.0156071 	472.297
0.0156429 	468.86
0.0156786 	468.86
0.0157143 	465.001
0.01575 	465.001
0.0157857 	465.515
0.0158214 	465.515
0.0158571 	463.915
0.0158929 	463.915
0.0159286 	461.457
0.0159643 	461.457
0.016 	460.924
0.0160357 	460.924
0.0160714 	458.256
0.0161071 	458.256
0.0161429 	458.766
0.0161786 	458.766
0.0162143 	453.306
0.01625 	453.306
0.0162857 	455.824
0.0163214 	455.824
0.0163571 	453.817
0.0163929 	453.817
0.0164286 	453.381
0.0164643 	453.381
0.0165 	451.222
0.0165357 	451.222
0.0165714 	450.927
0.0166071 	450.927
0.0166429 	448.754
0.0166786 	448.754
0.0167143 	445.515
0.01675 	445.515
0.0167857 	446.558
0.0168214 	446.558
0.0168571 	445.272
0.0168929 	445.272
0.0169286 	443.849
0.0169643 	443.849
0.017 	443.504
0.0170357 	443.504
0.0170714 	441.586
0.0171071 	441.586
0.0171429 	442.16
0.0171786 	442.16
0.0172143 	437.891
0.01725 	437.891
0.0172857 	440.233
0.0173214 	440.233
0.0173571 	438.877
0.0173929 	438.877
0.0174286 	438.59
0.0174643 	438.59
0.0175 	437.113
0.0175357 	437.113
0.0175714 	436.9
0.0176071 	436.9
0.0176429 	435.363
0.0176786 	435.363
0.0177143 	432.535
0.01775 	432.535
0.0177857 	433.787
0.0178214 	433.787
0.0178571 	432.685
0.0178929 	432.685
0.0179286 	431.785
0.0179643 	431.785
0.018 	431.536
0.0180357 	431.536
0.0180714 	430.034
0.0181071 	430.034
0.0181429 	430.622
0.0181786 	430.622
0.0182143 	427.048
0.01825 	427.048
0.0182857 	429.247
0.0183214 	429.247
0.0183571 	428.257
0.0183929 	428.257
0.0184286 	428.057
0.0184643 	428.057
0.0185 	426.969
0.0185357 	426.969
0.0185714 	426.802
0.0186071 	426.802
0.0186429 	425.647
0.0186786 	425.647
0.0187143 	423.089
0.01875 	423.089
0.0187857 	424.443
0.0188214 	424.443
0.0188571 	423.465
0.0188929 	423.465
0.0189286 	422.889
0.0189643 	422.889
0.019 	422.698
0.0190357 	422.698
0.0190714 	421.463
0.0191071 	421.463
0.0191429 	422.049
0.0191786 	422.049
0.0192143 	418.937
0.01925 	418.937
0.0192857 	421.019
0.0193214 	421.019
0.0193571 	420.262
0.0193929 	420.262
0.0194286 	420.112
0.0194643 	420.112
0.0195 	419.269
0.0195357 	419.269
0.0195714 	419.13
0.0196071 	419.13
0.0196429 	418.225
0.0196786 	418.225
0.0197143 	415.863
0.01975 	415.863
0.0197857 	417.257
0.0198214 	417.257
0.0198571 	416.366
0.0198929 	416.366
0.0199286 	415.981
0.0199643 	415.981
0.02 	415.828
0.0200357 	415.828
0.0200714 	414.77
0.0201071 	414.77
0.0201429 	415.35
0.0201786 	415.35
0.0202143 	412.569
0.02025 	412.569
0.0202857 	414.557
0.0203214 	414.557
0.0203571 	413.957
0.0203929 	413.957
0.0204286 	413.844
0.0204643 	413.844
0.0205 	413.164
0.0205357 	413.164
0.0205714 	413.048
0.0206071 	413.048
0.0206429 	412.303
0.0206786 	412.303
0.0207143 	410.09
0.02075 	410.09
0.0207857 	411.497
0.0208214 	411.497
0.0208571 	410.673
0.0208929 	410.673
0.0209286 	410.438
0.0209643 	410.438
0.021 	410.318
0.0210357 	410.318
0.0210714 	409.389
0.0211071 	409.389
0.0211429 	409.962
0.0211786 	409.962
0.0212143 	407.416
0.02125 	407.416
0.0212857 	409.321
0.0213214 	409.321
0.0213571 	408.837
0.0213929 	408.837
0.0214286 	408.747
0.0214643 	408.747
0.0215 	408.194
0.0215357 	408.194
0.0215714 	408.094
0.0216071 	408.094
0.0216429 	407.48
0.0216786 	407.48
0.0217143 	405.391
0.02175 	405.391
0.0217857 	406.803
0.0218214 	406.803
0.0218571 	406.032
0.0218929 	406.032
0.0219286 	405.883
0.0219643 	405.883
0.022 	405.78
0.0220357 	405.78
0.0220714 	404.949
0.0221071 	404.949
0.0221429 	405.513
0.0221786 	405.513
0.0222143 	403.159
0.02225 	403.159
0.0222857 	404.996
0.0223214 	404.996
0.0223571 	404.594
0.0223929 	404.594
0.0224286 	404.523
0.0224643 	404.523
0.0225 	404.055
0.0225357 	404.055
0.0225714 	403.964
0.0226071 	403.964
0.0226429 	403.44
0.0226786 	403.44
0.0227143 	401.448
0.02275 	401.448
0.0227857 	402.856
0.0228214 	402.856
0.0228571 	402.119
0.0228929 	402.119
0.0229286 	402.053
0.0229643 	402.053
0.023 	401.969
0.0230357 	401.969
0.0230714 	401.214
0.0231071 	401.214
0.0231429 	401.764
0.0231786 	401.764
0.0232143 	399.559
0.02325 	399.559
0.0232857 	401.335
0.0233214 	401.335
0.0233571 	400.997
0.0233929 	400.997
0.0234286 	400.938
0.0234643 	400.938
0.0235 	400.54
0.0235357 	400.54
0.0235714 	400.461
0.0236071 	400.461
0.0236429 	400.007
0.0236786 	400.007
0.0237143 	398.096
0.02375 	398.096
0.0237857 	399.492
0.0238214 	399.492
0.0238571 	398.799
0.0238929 	398.799
0.0239286 	398.781
0.0239643 	398.781
0.024 	398.707
0.0240357 	398.707
0.0240714 	398.013
0.0241071 	398.013
0.0241429 	398.552
0.0241786 	398.552
0.0242143 	396.477
0.02425 	396.477
0.0242857 	398.205
0.0243214 	398.205
0.0243571 	397.922
0.0243929 	397.922
0.0244286 	397.876
0.0244643 	397.876
0.0245 	397.535
0.0245357 	397.535
0.0245714 	397.462
0.0246071 	397.462
0.0246429 	397.062
0.0246786 	397.062
0.0247143 	395.22
0.02475 	395.22
0.0247857 	396.603
0.0248214 	396.603
0.0248571 	395.938
0.0248929 	395.938
0.0249286 	395.972
0.0249643 	395.972
0.025 	395.908
0.0250357 	395.908
0.0250714 	395.264
0.0251071 	395.264
0.0251429 	395.79
0.0251786 	395.79
0.0252143 	393.81
0.02525 	393.81
0.0252857 	395.493
0.0253214 	395.493
0.0253571 	395.254
0.0253929 	395.254
0.0254286 	395.215
0.0254643 	395.215
0.0255 	394.923
0.0255357 	394.923
0.0255714 	394.855
0.0256071 	394.855
0.0256429 	394.503
0.0256786 	394.503
0.0257143 	392.659
0.02575 	392.659
0.0257857 	394.027
0.0258214 	394.027
0.0258571 	393.389
0.0258929 	393.389
0.0259286 	393.447
0.0259643 	393.447
0.026 	393.388
0.0260357 	393.388
0.0260714 	392.791
0.0261071 	392.791
0.0261429 	393.31
0.0261786 	393.31
0.0262143 	391.426
0.02625 	391.426
0.0262857 	393.065
0.0263214 	393.065
0.0263571 	392.854
0.0263929 	392.854
0.0264286 	392.817
0.0264643 	392.817
0.0265 	392.552
0.0265357 	392.552
0.0265714 	392.488
0.0266071 	392.488
0.0266429 	392.173
0.0266786 	392.173
0.0267143 	390.447
0.02675 	390.447
0.0267857 	391.8
0.0268214 	391.8
0.0268571 	391.185
0.0268929 	391.185
0.0269286 	391.284
0.0269643 	391.284
0.027 	391.236
0.0270357 	391.236
0.0270714 	390.676
0.0271071 	390.676
0.0271429 	391.186
0.0271786 	391.186
0.0272143 	389.374
0.02725 	389.374
0.0272857 	390.977
0.0273214 	390.977
0.0273571 	390.796
0.0273929 	390.796
0.0274286 	390.771
0.0274643 	390.771
0.0275 	390.541
0.0275357 	390.541
0.0275714 	390.481
0.0276071 	390.481
0.0276429 	390.2
0.0276786 	390.2
0.0277143 	388.518
0.02775 	388.518
0.0277857 	389.861
0.0278214 	389.861
0.0278571 	389.262
0.0278929 	389.262
0.0279286 	389.376
0.0279643 	389.376
0.028 	389.332
0.0280357 	389.332
0.0280714 	388.801
0.0281071 	388.801
0.0281429 	389.308
0.0281786 	389.308
0.0282143 	387.564
0.02825 	387.564
0.0282857 	389.132
0.0283214 	389.132
0.0283571 	388.975
0.0283929 	388.975
0.0284286 	388.955
0.0284643 	388.955
0.0285 	388.749
0.0285357 	388.749
0.0285714 	388.694
0.0286071 	388.694
0.0286429 	388.438
0.0286786 	388.438
0.0287143 	386.796
0.02875 	386.796
0.0287857 	388.126
0.0288214 	388.126
0.0288571 	387.546
0.0288929 	387.546
0.0289286 	387.688
0.0289643 	387.688
0.029 	387.646
0.0290357 	387.646
0.0290714 	387.139
0.0291071 	387.139
0.0291429 	387.633
0.0291786 	387.633
0.0292143 	385.937
0.02925 	385.937
0.0292857 	387.477
0.0293214 	387.477
0.0293571 	387.343
0.0293929 	387.343
0.0294286 	387.325
0.0294643 	387.325
0.0295 	387.146
0.0295357 	387.146
0.0295714 	387.093
0.0296071 	387.093
0.0296429 	386.864
0.0296786 	386.864
0.0297143 	385.259
0.02975 	385.259
0.0297857 	386.58
0.0298214 	386.58
0.0298571 	386.015
0.0298929 	386.015
0.0299286 	386.162
0.0299643 	386.162
0.03 	386.123
0.0300357 	386.123
0.0300714 	385.641
0.0301071 	385.641
0.0301429 	386.132
0.0301786 	386.132
0.0302143 	384.494
0.03025 	384.494
0.0302857 	386.009
0.0303214 	386.009
0.0303571 	385.892
0.0303928 	385.892
0.0304286 	385.878
0.0304643 	385.878
0.0305 	385.712
0.0305357 	385.712
0.0305714 	385.662
0.0306071 	385.662
0.0306429 	385.452
0.0306786 	385.452
0.0307143 	383.878
0.03075 	383.878
0.0307857 	385.188
0.0308214 	385.188
0.0308571 	384.631
0.0308928 	384.631
0.0309286 	384.8
0.0309643 	384.8
0.031 	384.77
0.0310357 	384.77
0.0310714 	384.31
0.0311072 	384.31
0.0311429 	384.793
0.0311786 	384.793
0.0312143 	383.197
0.03125 	383.197
0.0312857 	384.689
0.0313214 	384.689
0.0313571 	384.587
0.0313928 	384.587
0.0314286 	384.579
0.0314643 	384.579
0.0315 	384.433
0.0315357 	384.433
0.0315714 	384.383
0.0316072 	384.383
0.0316429 	384.191
0.0316786 	384.191
0.0317143 	382.643
0.03175 	382.643
0.0317857 	383.942
0.0318214 	383.942
0.0318571 	383.403
0.0318929 	383.403
0.0319286 	383.576
0.0319643 	383.576
0.032 	383.453
0.0320357 	383.453
0.0320714 	383.012
0.0321072 	383.012
0.0321429 	383.582
0.0321786 	383.582
0.0322143 	382.031
0.03225 	382.031
0.0322857 	383.412
0.0323214 	383.412
0.0323571 	383.327
0.0323929 	383.327
0.0324286 	383.415
0.0324643 	383.415
0.0325 	383.281
0.0325357 	383.281
0.0325714 	383.157
0.0326072 	383.157
0.0326429 	382.934
0.0326786 	382.934
0.0327143 	380.34
0.03275 	380.34
0.0327857 	381.523
0.0328214 	381.523
0.0328571 	382.174
0.0328929 	382.174
0.0329286 	382.37
0.0329643 	382.37
0.033 	381.195
0.0330357 	381.195
0.0330714 	380.706
0.0331072 	380.706
0.0331429 	381.152
0.0331786 	381.152
0.0332143 	379.68
0.03325 	379.68
0.0332857 	381.099
0.0333214 	381.099
0.0333571 	380.934
0.0333929 	380.934
0.0334286 	379.484
0.0334643 	379.484
0.0335 	379.22
0.0335357 	379.22
0.0335714 	379.233
0.0336072 	379.233
0.0336429 	378.984
0.0336786 	378.984
0.0337143 	377.472
0.03375 	377.472
0.0337857 	378.565
0.0338214 	378.565
0.0338571 	380.878
0.0338929 	380.878
0.0339286 	381.074
0.0339643 	381.074
0.034 	378.253
0.0340357 	378.253
0.0340714 	377.673
0.0341072 	377.673
0.0341429 	378.097
0.0341786 	378.097
0.0342143 	376.766
0.03425 	376.766
0.0342857 	379.392
0.0343214 	379.392
0.0343571 	379.25
0.0343929 	379.25
0.0344286 	378.017
0.0344643 	378.017
0.0345 	377.805
0.0345357 	377.805
0.0345714 	379.099
0.0346072 	379.099
0.0346429 	378.733
0.0346786 	378.733
0.0347143 	372.198
0.03475 	372.198
0.0347857 	372.891
0.0348214 	372.891
0.0348571 	378.015
0.0348929 	378.015
0.0349286 	378.184
0.0349643 	378.184
0.035 	372.796
0.0350357 	372.796
0.0350714 	372.33
0.0351072 	372.33
0.0351429 	376.775
0.0351786 	376.775
0.0352143 	375.384
0.03525 	375.384
0.0352857 	372.671
0.0353214 	372.671
0.0353571 	372.358
0.0353929 	372.358
0.0354286 	372.42
0.0354643 	372.42
0.0355 	372.181
0.0355357 	372.181
0.0355714 	372.29
0.0356072 	372.29
0.0356429 	372.048
0.0356786 	372.048
0.0357143 	371.003
0.03575 	371.003
0.0357857 	371.854
0.0358214 	371.854
0.0358571 	378.927
0.0358929 	378.927
0.0359286 	379.191
0.0359643 	379.191
0.036 	371.811
0.0360357 	371.811
0.0360714 	371.202
0.0361072 	371.202
0.0361429 	371.474
0.0361786 	371.474
0.0362143 	370.37
0.03625 	370.37
0.0362857 	371.832
0.0363214 	371.832
0.0363571 	371.593
0.0363929 	371.593
0.0364286 	371.472
0.0364643 	371.472
0.0365 	371.254
0.0365357 	371.254
0.0365714 	371.538
0.0366072 	371.538
0.0366429 	371.228
0.0366786 	371.228
0.0367143 	370.033
0.03675 	370.033
0.0367857 	370.788
0.0368214 	370.788
0.0368571 	376.074
0.0368929 	376.074
0.0369286 	376.497
0.0369643 	376.497
0.037 	370.67
0.0370357 	370.67
0.0370714 	370.158
0.0371072 	370.158
0.0371429 	370.384
0.0371786 	370.384
0.0372143 	369.347
0.03725 	369.347
0.0372857 	370.408
0.0373214 	370.408
0.0373571 	370.392
0.0373929 	370.392
0.0374286 	368.903
0.0374643 	368.903
0.0375 	378.249
0.0375357 	378.249
0.0375714 	373.104
0.0376072 	373.104
0.0376429 	380.961
0.0376786 	380.961
0.0377143 	376.221
0.03775 	376.221
0.0377857 	377.427
0.0378214 	377.427
0.0378571 	376.872
0.0378929 	376.872
0.0379286 	377.127
0.0379643 	377.127
0.038 	376.898
0.0380357 	376.898
0.0380714 	376.573
0.0381072 	376.573
0.0381429 	376.969
0.0381786 	376.969
0.0382143 	375.603
0.03825 	375.603
0.0382857 	376.046
0.0383214 	376.046
0.0383571 	377.264
0.0383929 	377.264
0.0384286 	375.708
0.0384643 	375.708
0.0385 	376.791
0.0385357 	376.791
0.0385714 	376.768
0.0386071 	376.768
0.0386429 	376.765
0.0386786 	376.765
0.0387143 	375.402
0.03875 	375.402
0.0387857 	376.627
0.0388214 	376.627
0.0388571 	375.833
0.0388929 	375.833
0.0389286 	376.608
0.0389643 	376.608
0.039 	376.355
0.0390357 	376.355
0.0390714 	375.94
0.0391072 	375.94
0.0391429 	376.203
0.0391786 	376.203
0.0392143 	374.976
0.03925 	374.976
0.0392857 	376.392
0.0393214 	376.392
0.0393571 	376.47
0.0393929 	376.47
0.0394286 	376.356
0.0394643 	376.356
0.0395 	377.535
0.0395357 	377.535
0.0395714 	376.284
0.0396072 	376.284
0.0396429 	374.15
0.0396786 	374.15
0.0397143 	372.287
0.03975 	372.287
0.0397857 	369.962
0.0398214 	369.962
0.0398571 	371.768
0.0398929 	371.768
0.0399286 	370.849
