7.27919e-23 	336.882
3.57e-05 	336.882
7.14e-05 	336.335
0.00010715 	336.335
0.0001429 	336.588
0.0001786 	336.588
0.0002143 	336.811
0.00025 	336.811
0.0002857 	338.218
0.0003214 	338.218
0.0003571 	344.966
0.00039285 	344.966
0.0004286 	345.409
0.0004643 	345.409
0.0005 	346.345
0.0005357 	346.345
0.0005714 	346.343
0.00060715 	346.343
0.0006429 	346.434
0.0006786 	346.434
0.0007143 	345.602
0.00075 	345.602
0.0007857 	346.522
0.0008214 	346.522
0.0008571 	346.249
0.00089285 	346.249
0.0009286 	346.539
0.0009643 	346.539
0.001 	346.557
0.0010357 	346.557
0.0010714 	346.49
0.00110715 	346.49
0.0011429 	346.805
0.0011786 	346.805
0.0012143 	346.099
0.00125 	346.099
0.0012857 	346.98
0.0013214 	346.98
0.0013571 	347.12
0.00139285 	347.12
0.0014286 	347.147
0.0014643 	347.147
0.0015 	347.269
0.0015357 	347.269
0.0015714 	347.273
0.00160715 	347.273
0.0016429 	347.372
0.0016786 	347.372
0.0017143 	346.523
0.00175 	346.523
0.0017857 	347.468
0.0018214 	347.468
0.0018571 	347.19
0.00189285 	347.19
0.0019286 	347.491
0.0019643 	347.491
0.002 	347.511
0.0020357 	347.511
0.0020714 	347.447
0.00210715 	347.447
0.0021429 	347.767
0.0021786 	347.767
0.0022143 	347.05
0.00225 	347.05
0.0022857 	347.953
0.0023214 	347.953
0.0023571 	348.103
0.00239285 	348.103
0.0024286 	348.132
0.0024643 	348.132
0.0025 	348.258
0.0025357 	348.258
0.0025714 	348.265
0.00260715 	348.265
0.0026429 	348.369
0.0026786 	348.369
0.0027143 	347.501
0.00275 	347.501
0.0027857 	348.468
0.0028214 	348.468
0.0028571 	348.187
0.00289285 	348.187
0.0029286 	348.499
0.0029643 	348.499
0.003 	348.522
0.0030357 	348.522
0.0030714 	348.471
0.00310715 	348.471
0.0031429 	348.805
0.0031786 	348.805
0.0032143 	348.075
0.00325 	348.075
0.0032857 	349.002
0.0033214 	349.002
0.0033571 	349.16
0.00339285 	349.16
0.0034286 	349.19
0.0034643 	349.19
0.0035 	349.327
0.0035357 	349.327
0.0035714 	349.337
0.00360715 	349.337
0.0036429 	349.452
0.0036786 	349.452
0.0037143 	348.565
0.00375 	348.565
0.0037857 	349.567
0.0038214 	349.567
0.0038571 	349.275
0.00389285 	349.275
0.0039286 	349.599
0.0039643 	349.599
0.004 	349.623
0.0040357 	349.623
0.0040714 	349.572
0.00410715 	349.572
0.0041429 	349.916
0.0041786 	349.916
0.0042143 	349.172
0.00425 	349.172
0.0042857 	350.12
0.0043214 	350.12
0.0043571 	350.288
0.00439285 	350.288
0.0044286 	350.319
0.0044643 	350.319
0.0045 	350.464
0.0045357 	350.464
0.0045714 	350.477
0.00460715 	350.477
0.0046429 	350.6
0.0046786 	350.6
0.0047143 	349.691
0.00475 	349.691
0.0047857 	350.726
0.0048214 	350.726
0.0048571 	350.425
0.00489285 	350.425
0.0049286 	350.76
0.0049643 	350.76
0.005 	350.786
0.0050357 	350.786
0.0050714 	350.737
0.00510715 	350.737
0.0051429 	351.091
0.0051786 	351.091
0.0052143 	350.332
0.00525 	350.332
0.0052857 	351.308
0.0053214 	351.308
0.0053571 	351.485
0.00539285 	351.485
0.0054286 	351.517
0.0054643 	351.517
0.0055 	351.674
0.0055357 	351.674
0.0055714 	351.683
0.00560715 	351.683
0.0056429 	351.817
0.0056786 	351.817
0.0057143 	350.887
0.00575 	350.887
0.0057857 	351.961
0.0058214 	351.961
0.0058571 	351.657
0.00589285 	351.657
0.0059286 	352.008
0.0059643 	352.008
0.006 	352.035
0.0060357 	352.035
0.0060714 	351.992
0.00610715 	351.992
0.0061429 	352.353
0.0061786 	352.353
0.0062143 	351.58
0.00625 	351.58
0.0062857 	352.582
0.0063214 	352.582
0.0063571 	352.771
0.00639285 	352.771
0.0064286 	352.807
0.0064643 	352.807
0.0065 	352.977
0.0065357 	352.977
0.0065714 	352.994
0.00660715 	352.994
0.0066429 	353.142
0.0066786 	353.142
0.0067143 	352.188
0.00675 	352.188
0.0067857 	353.3
0.0068214 	353.3
0.0068571 	352.991
0.00689285 	352.991
0.0069286 	353.358
0.0069643 	353.358
0.007 	353.388
0.0070357 	353.388
0.0070714 	353.353
0.00710715 	353.353
0.0071429 	353.726
0.0071786 	353.726
0.0072143 	352.936
0.00725 	352.936
0.0072857 	353.968
0.0073214 	353.968
0.0073571 	354.169
0.00739285 	354.169
0.0074286 	354.205
0.0074643 	354.205
0.0075 	354.38
0.0075357 	354.38
0.0075714 	354.395
0.00760715 	354.395
0.0076429 	354.549
0.0076786 	354.549
0.0077143 	353.569
0.00775 	353.569
0.0077857 	354.727
0.0078214 	354.727
0.0078571 	354.413
0.00789285 	354.413
0.0079286 	354.8
0.0079643 	354.8
0.008 	354.833
0.0080357 	354.833
0.0080714 	354.808
0.00810715 	354.808
0.0081429 	355.193
0.0081786 	355.193
0.0082143 	354.387
0.00825 	354.387
0.0082857 	355.452
0.0083214 	355.452
0.0083571 	355.668
0.00839285 	355.668
0.0084286 	355.707
0.0084643 	355.707
0.0085 	355.901
0.0085357 	355.901
0.0085714 	355.918
0.00860715 	355.918
0.0086429 	356.089
0.0086786 	356.089
0.0087143 	355.081
0.00875 	355.081
0.0087857 	356.279
0.0088214 	356.279
0.0088571 	355.956
0.00889285 	355.956
0.0089286 	356.36
0.0089643 	356.36
0.009 	356.396
0.0090357 	356.396
0.0090714 	356.383
0.00910715 	356.383
0.0091429 	356.783
0.0091786 	356.783
0.0092143 	355.96
0.00925 	355.96
0.0092857 	357.062
0.0093214 	357.062
0.0093571 	357.295
0.00939285 	357.295
0.0094286 	357.337
0.0094643 	357.337
0.0095 	357.55
0.0095357 	357.55
0.0095714 	357.573
0.00960715 	357.573
0.0096429 	357.762
0.0096786 	357.762
0.0097143 	356.725
0.00975 	356.725
0.0097857 	357.975
0.0098214 	357.975
0.0098571 	357.639
0.00989285 	357.639
0.0099286 	358.065
0.0099643 	358.065
0.01 	358.104
0.0100357 	358.104
0.0100714 	358.104
0.0101071 	358.104
0.0101429 	358.519
0.0101786 	358.519
0.0102143 	357.679
0.01025 	357.679
0.0102857 	358.82
0.0103214 	358.82
0.0103571 	359.076
0.0103929 	359.076
0.0104286 	359.121
0.0104643 	359.121
0.0105 	359.355
0.0105357 	359.355
0.0105714 	359.381
0.0106071 	359.381
0.0106429 	359.589
0.0106786 	359.589
0.0107143 	358.518
0.01075 	358.518
0.0107857 	359.82
0.0108214 	359.82
0.0108571 	359.476
0.0108929 	359.476
0.0109286 	359.923
0.0109643 	359.923
0.011 	359.967
0.0110357 	359.967
0.0110714 	359.976
0.0111071 	359.976
0.0111429 	360.412
0.0111786 	360.412
0.0112143 	359.554
0.01125 	359.554
0.0112857 	360.735
0.0113214 	360.735
0.0113571 	361.015
0.0113929 	361.015
0.0114286 	361.062
0.0114643 	361.062
0.0115 	361.319
0.0115357 	361.319
0.0115714 	361.349
0.0116071 	361.349
0.0116429 	361.578
0.0116786 	361.578
0.0117143 	360.472
0.01175 	360.472
0.0117857 	361.844
0.0118214 	361.844
0.0118571 	361.489
0.0118929 	361.489
0.0119286 	361.969
0.0119643 	361.969
0.012 	362.019
0.0120357 	362.019
0.0120714 	362.058
0.0121071 	362.058
0.0121429 	362.516
0.0121786 	362.516
0.0122143 	361.64
0.01225 	361.64
0.0122857 	362.871
0.0123214 	362.871
0.0123571 	363.177
0.0123929 	363.177
0.0124286 	363.229
0.0124643 	363.229
0.0125 	363.513
0.0125357 	363.513
0.0125714 	363.55
0.0126071 	363.55
0.0126429 	363.806
0.0126786 	363.806
0.0127143 	362.661
0.01275 	362.661
0.0127857 	364.105
0.0128214 	364.105
0.0128571 	363.74
0.0128929 	363.74
0.0129286 	364.252
0.0129643 	364.252
0.013 	364.306
0.0130357 	364.306
0.0130714 	364.366
0.0131071 	364.366
0.0131429 	364.845
0.0131786 	364.845
0.0132143 	363.95
0.01325 	363.95
0.0132857 	365.232
0.0133214 	365.232
0.0133571 	365.572
0.0133929 	365.572
0.0134286 	365.628
0.0134643 	365.628
0.0135 	365.946
0.0135357 	365.946
0.0135714 	365.987
0.0136071 	365.987
0.0136429 	366.273
0.0136786 	366.273
0.0137143 	365.085
0.01375 	365.085
0.0137857 	366.611
0.0138214 	366.611
0.0138571 	366.238
0.0138929 	366.238
0.0139286 	366.789
0.0139643 	366.789
0.014 	366.851
0.0140357 	366.851
0.0140714 	366.943
0.0141071 	366.943
0.0141429 	367.447
0.0141786 	367.447
0.0142143 	366.539
0.01425 	366.539
0.0142857 	367.881
0.0143214 	367.881
0.0143571 	368.267
0.0143929 	368.267
0.0144286 	368.329
0.0144643 	368.329
0.0145 	368.678
0.0145357 	368.678
0.0145714 	368.727
0.0146071 	368.727
0.0146429 	369.043
0.0146786 	369.043
0.0147143 	367.807
0.01475 	367.807
0.0147857 	369.436
0.0148214 	369.436
0.0148571 	369.049
0.0148929 	369.049
0.0149286 	369.646
0.0149643 	369.646
0.015 	369.716
0.0150357 	369.716
0.0150714 	369.839
0.0151071 	369.839
0.0151429 	370.373
0.0151786 	370.373
0.0152143 	369.44
0.01525 	369.44
0.0152857 	370.854
0.0153214 	370.854
0.0153571 	371.284
0.0153929 	371.284
0.0154286 	371.354
0.0154643 	371.354
0.0155 	371.759
0.0155357 	371.759
0.0155714 	371.818
0.0156071 	371.818
0.0156429 	372.186
0.0156786 	372.186
0.0157143 	370.898
0.01575 	370.898
0.0157857 	372.64
0.0158214 	372.64
0.0158571 	372.244
0.0158929 	372.244
0.0159286 	372.896
0.0159643 	372.896
0.016 	372.976
0.0160357 	372.976
0.0160714 	373.147
0.0161071 	373.147
0.0161429 	373.711
0.0161786 	373.711
0.0162143 	372.762
0.01625 	372.762
0.0162857 	374.253
0.0163214 	374.253
0.0163571 	374.744
0.0163929 	374.744
0.0164286 	374.821
0.0164643 	374.821
0.0165 	375.283
0.0165357 	375.283
0.0165714 	375.356
0.0166071 	375.356
0.0166429 	375.779
0.0166786 	375.779
0.0167143 	374.43
0.01675 	374.43
0.0167857 	376.314
0.0168214 	376.314
0.0168571 	375.905
0.0168929 	375.905
0.0169286 	376.625
0.0169643 	376.625
0.017 	376.72
0.0170357 	376.72
0.0170714 	376.951
0.0171071 	376.951
0.0171429 	377.559
0.0171786 	377.559
0.0172143 	376.597
0.01725 	376.597
0.0172857 	378.186
0.0173214 	378.186
0.0173571 	378.761
0.0173929 	378.761
0.0174286 	378.849
0.0174643 	378.849
0.0175 	379.393
0.0175357 	379.393
0.0175714 	379.483
0.0176071 	379.483
0.0176429 	379.982
0.0176786 	379.982
0.0177143 	378.565
0.01775 	378.565
0.0177857 	380.62
0.0178214 	380.62
0.0178571 	380.196
0.0178929 	380.196
0.0179286 	381.005
0.0179643 	381.005
0.018 	381.116
0.0180357 	381.116
0.0180714 	381.436
0.0181071 	381.436
0.0181429 	382.09
0.0181786 	382.09
0.0182143 	381.118
0.01825 	381.118
0.0182857 	382.818
0.0183214 	382.818
0.0183571 	383.493
0.0183929 	383.493
0.0184286 	383.597
0.0184643 	383.597
0.0185 	384.246
0.0185357 	384.246
0.0185714 	384.358
0.0186071 	384.358
0.0186429 	384.956
0.0186786 	384.956
0.0187143 	383.46
0.01875 	383.46
0.0187857 	385.733
0.0188214 	385.733
0.0188571 	385.295
0.0188929 	385.295
0.0189286 	386.214
0.0189643 	386.214
0.019 	386.348
0.0190357 	386.348
0.0190714 	386.779
0.0191071 	386.779
0.0191429 	387.495
0.0191786 	387.495
0.0192143 	386.527
0.01925 	386.527
0.0192857 	388.366
0.0193214 	388.366
0.0193571 	389.188
0.0193929 	389.188
0.0194286 	389.307
0.0194643 	389.307
0.0195 	390.095
0.0195357 	390.095
0.0195714 	390.232
0.0196071 	390.232
0.0196429 	390.96
0.0196786 	390.96
0.0197143 	389.369
0.01975 	389.369
0.0197857 	391.921
0.0198214 	391.921
0.0198571 	391.476
0.0198929 	391.476
0.0199286 	392.548
0.0199643 	392.548
0.02 	392.714
0.0200357 	392.714
0.0200714 	393.312
0.0201071 	393.312
0.0201429 	394.104
0.0201786 	394.104
0.0202143 	393.156
0.02025 	393.156
0.0202857 	395.173
0.0203214 	395.173
0.0203571 	396.192
0.0203929 	396.192
0.0204286 	396.337
0.0204643 	396.337
0.0205 	397.321
0.0205357 	397.321
0.0205714 	397.505
0.0206071 	397.505
0.0206429 	398.419
0.0206786 	398.419
0.0207143 	396.719
0.02075 	396.719
0.0207857 	399.663
0.0208214 	399.663
0.0208571 	399.212
0.0208929 	399.212
0.0209286 	400.502
0.0209643 	400.502
0.021 	400.717
0.0210357 	400.717
0.0210714 	401.566
0.0211071 	401.566
0.0211429 	402.466
0.0211786 	402.466
0.0212143 	401.579
0.02125 	401.579
0.0212857 	403.827
0.0213214 	403.827
0.0213571 	405.149
0.0213929 	405.149
0.0214286 	405.331
0.0214643 	405.331
0.0215 	406.62
0.0215357 	406.62
0.0215714 	406.867
0.0216071 	406.867
0.0216429 	408.07
0.0216786 	408.07
0.0217143 	406.237
0.02175 	406.237
0.0217857 	409.747
0.0218214 	409.747
0.0218571 	409.3
0.0218929 	409.3
0.0219286 	410.918
0.0219643 	410.918
0.022 	411.209
0.0220357 	411.209
0.0220714 	412.462
0.0221071 	412.462
0.0221429 	413.514
0.0221786 	413.514
0.0222143 	412.769
0.02225 	412.769
0.0222857 	415.348
0.0223214 	415.348
0.0223571 	417.158
0.0223929 	417.158
0.0224286 	417.4
0.0224643 	417.4
0.0225 	419.194
0.0225357 	419.194
0.0225714 	419.549
0.0226071 	419.549
0.0226429 	421.23
0.0226786 	421.23
0.0227143 	419.233
0.02275 	419.233
0.0227857 	423.643
0.0228214 	423.643
0.0228571 	423.229
0.0228929 	423.229
0.0229286 	425.392
0.0229643 	425.392
0.023 	425.814
0.0230357 	425.814
0.0230714 	427.778
0.0231071 	427.778
0.0231429 	429.064
0.0231786 	429.064
0.0232143 	428.643
0.02325 	428.643
0.0232857 	431.726
0.0233214 	431.726
0.0233571 	434.42
0.0233929 	434.42
0.0234286 	434.771
0.0234643 	434.771
0.0235 	437.507
0.0235357 	437.507
0.0235714 	438.071
0.0236071 	438.071
0.0236429 	440.66
0.0236786 	440.66
0.0237143 	438.465
0.02375 	438.465
0.0237857 	444.526
0.0238214 	444.526
0.0238571 	444.219
0.0238929 	444.219
0.0239286 	447.454
0.0239643 	447.454
0.024 	448.148
0.0240357 	448.148
0.0240714 	451.645
0.0241071 	451.645
0.0241429 	453.369
0.0241786 	453.369
0.0242143 	453.832
0.02425 	453.832
0.0242857 	457.836
0.0243214 	457.836
0.0243571 	462.477
0.0243929 	462.477
0.0244286 	463.072
0.0244643 	463.072
0.0245 	468.011
0.0245357 	468.011
0.0245714 	469.07
0.0246071 	469.07
0.0246429 	473.824
0.0246786 	473.824
0.0247143 	471.43
0.02475 	471.43
0.0247857 	481.402
0.0248214 	481.402
0.0248571 	481.495
0.0248929 	481.495
0.0249286 	487.511
0.0249643 	487.511
0.025 	488.966
0.0250357 	488.966
0.0250714 	496.895
0.0251071 	496.895
0.0251429 	499.728
0.0251786 	499.728
0.0252143 	503.469
0.02525 	503.469
0.0252857 	509.805
0.0253214 	509.805
0.0253571 	520.777
0.0253929 	520.777
0.0254286 	522.208
0.0254643 	522.208
0.0255 	535.356
0.0255357 	535.356
0.0255714 	538.314
0.0256071 	538.314
0.0256429 	551.678
0.0256786 	551.678
0.0257143 	549.727
0.02575 	549.727
0.0257857 	576.661
0.0258214 	576.661
0.0258571 	579.285
0.0258929 	579.285
0.0259286 	600.193
0.0259643 	600.193
0.026 	606.398
0.0260357 	606.398
0.0260714 	643.141
0.0261071 	643.141
0.0261429 	652.863
0.0261786 	652.863
0.0262143 	691.568
0.02625 	691.568
0.0262857 	715.107
0.0263214 	715.107
0.0263571 	767.925
0.0263929 	767.925
0.0264286 	760.858
0.0264643 	760.858
0.0265 	551.961
0.0265357 	551.961
0.0265714 	497.19
0.0266071 	497.19
0.0266429 	316.717
0.0266786 	316.717
0.0267143 	300.006
0.02675 	300.006
0.0267857 	300
0.0268214 	300
0.0268571 	300
0.0269286 	300
0.027 	300
0.0270714 	300
0.0271429 	300
0.0272857 	300
0.0274286 	300
0.0277143 	300
0.028 	300
0.0282857 	300
0.0285714 	300
0.0288571 	300
0.0291429 	300
0.0294286 	300
0.0297143 	300
0.03 	300
0.0302857 	300
0.0305714 	300
0.0308571 	300
0.0311428 	300
0.0314286 	300
0.0317143 	300
0.032 	300
0.0322857 	300
0.0325714 	300
0.0328572 	300
0.0331429 	300
0.0334286 	300
0.0337143 	300
0.034 	300
0.0342857 	300
0.0345714 	300
0.0348571 	300
0.0351429 	300
0.0354286 	300
0.0357143 	300
0.036 	300
0.0362857 	300
0.0365714 	300
0.0368572 	300
0.0371429 	300
0.0374286 	300
0.0377143 	300
0.038 	300
0.0382857 	300
0.0385714 	300
0.0388571 	300
0.0391429 	300
0.0394286 	300
