7.27919e-23 	346.612
3.57e-05 	346.612
7.14e-05 	345.907
0.00010715 	345.907
0.0001429 	346.418
0.0001786 	346.418
0.0002143 	348.798
0.00025 	348.798
0.0002857 	351.546
0.0003214 	351.546
0.0003571 	364.051
0.00039285 	364.051
0.0004286 	364.879
0.0004643 	364.879
0.0005 	366.598
0.0005357 	366.598
0.0005714 	366.638
0.00060715 	366.638
0.0006429 	366.928
0.0006786 	366.928
0.0007143 	365.725
0.00075 	365.725
0.0007857 	367.275
0.0008214 	367.275
0.0008571 	366.897
0.00089285 	366.897
0.0009286 	367.457
0.0009643 	367.457
0.001 	367.519
0.0010357 	367.519
0.0010714 	367.613
0.00110715 	367.613
0.0011429 	368.126
0.0011786 	368.126
0.0012143 	367.204
0.00125 	367.204
0.0012857 	368.567
0.0013214 	368.567
0.0013571 	368.958
0.00139285 	368.958
0.0014286 	369.022
0.0014643 	369.022
0.0015 	369.388
0.0015357 	369.388
0.0015714 	369.438
0.00160715 	369.438
0.0016429 	369.77
0.0016786 	369.77
0.0017143 	368.518
0.00175 	368.518
0.0017857 	370.17
0.0018214 	370.17
0.0018571 	369.782
0.00189285 	369.782
0.0019286 	370.392
0.0019643 	370.392
0.002 	370.463
0.0020357 	370.463
0.0020714 	370.597
0.00210715 	370.597
0.0021429 	371.136
0.0021786 	371.136
0.0022143 	370.199
0.00225 	370.199
0.0022857 	371.635
0.0023214 	371.635
0.0023571 	372.081
0.00239285 	372.081
0.0024286 	372.152
0.0024643 	372.152
0.0025 	372.567
0.0025357 	372.567
0.0025714 	372.63
0.00260715 	372.63
0.0026429 	373.006
0.0026786 	373.006
0.0027143 	371.699
0.00275 	371.699
0.0027857 	373.467
0.0028214 	373.467
0.0028571 	373.068
0.00289285 	373.068
0.0029286 	373.735
0.0029643 	373.735
0.003 	373.82
0.0030357 	373.82
0.0030714 	374.016
0.00310715 	374.016
0.0031429 	374.596
0.0031786 	374.596
0.0032143 	373.643
0.00325 	373.643
0.0032857 	375.164
0.0033214 	375.164
0.0033571 	375.676
0.00339285 	375.676
0.0034286 	375.755
0.0034643 	375.755
0.0035 	376.238
0.0035357 	376.238
0.0035714 	376.315
0.00360715 	376.315
0.0036429 	376.756
0.0036786 	376.756
0.0037143 	375.389
0.00375 	375.389
0.0037857 	377.31
0.0038214 	377.31
0.0038571 	376.895
0.00389285 	376.895
0.0039286 	377.636
0.0039643 	377.636
0.004 	377.735
0.0040357 	377.735
0.0040714 	377.991
0.00410715 	377.991
0.0041429 	378.612
0.0041786 	378.612
0.0042143 	377.647
0.00425 	377.647
0.0042857 	379.262
0.0043214 	379.262
0.0043571 	379.859
0.00439285 	379.859
0.0044286 	379.95
0.0044643 	379.95
0.0045 	380.514
0.0045357 	380.514
0.0045714 	380.61
0.00460715 	380.61
0.0046429 	381.128
0.0046786 	381.128
0.0047143 	379.689
0.00475 	379.689
0.0047857 	381.794
0.0048214 	381.794
0.0048571 	381.363
0.00489285 	381.363
0.0049286 	382.196
0.0049643 	382.196
0.005 	382.311
0.0050357 	382.311
0.0050714 	382.653
0.00510715 	382.653
0.0051429 	383.325
0.0051786 	383.325
0.0052143 	382.351
0.00525 	382.351
0.0052857 	384.088
0.0053214 	384.088
0.0053571 	384.796
0.00539285 	384.796
0.0054286 	384.901
0.0054643 	384.901
0.0055 	385.579
0.0055357 	385.579
0.0055714 	385.692
0.00560715 	385.692
0.0056429 	386.317
0.0056786 	386.317
0.0057143 	384.797
0.00575 	384.797
0.0057857 	387.137
0.0058214 	387.137
0.0058571 	386.699
0.00589285 	386.699
0.0059286 	387.654
0.0059643 	387.654
0.006 	387.795
0.0060357 	387.795
0.0060714 	388.261
0.00610715 	388.261
0.0061429 	388.994
0.0061786 	388.994
0.0062143 	388.026
0.00625 	388.026
0.0062857 	389.908
0.0063214 	389.908
0.0063571 	390.77
0.00639285 	390.77
0.0064286 	390.895
0.0064643 	390.895
0.0065 	391.727
0.0065357 	391.727
0.0065714 	391.877
0.00660715 	391.877
0.0066429 	392.648
0.0066786 	392.648
0.0067143 	391.032
0.00675 	391.032
0.0067857 	393.68
0.0068214 	393.68
0.0068571 	393.235
0.00689285 	393.235
0.0069286 	394.357
0.0069643 	394.357
0.007 	394.534
0.0070357 	394.534
0.0070714 	395.182
0.00710715 	395.182
0.0071429 	395.999
0.0071786 	395.999
0.0072143 	395.059
0.00725 	395.059
0.0072857 	397.128
0.0073214 	397.128
0.0073571 	398.209
0.00739285 	398.209
0.0074286 	398.362
0.0074643 	398.362
0.0075 	399.405
0.0075357 	399.405
0.0075714 	399.597
0.00760715 	399.597
0.0076429 	400.569
0.0076786 	400.569
0.0077143 	398.838
0.00775 	398.838
0.0077857 	401.914
0.0078214 	401.914
0.0078571 	401.467
0.00789285 	401.467
0.0079286 	402.831
0.0079643 	402.831
0.008 	403.061
0.0080357 	403.061
0.0080714 	403.989
0.00810715 	403.989
0.0081429 	404.919
0.0081786 	404.919
0.0082143 	404.053
0.00825 	404.053
0.0082857 	406.374
0.0083214 	406.374
0.0083571 	407.791
0.00839285 	407.791
0.0084286 	407.984
0.0084643 	407.984
0.0085 	409.378
0.0085357 	409.378
0.0085714 	409.645
0.00860715 	409.645
0.0086429 	410.947
0.0086786 	410.947
0.0087143 	409.075
0.00875 	409.075
0.0087857 	412.772
0.0088214 	412.772
0.0088571 	412.331
0.00889285 	412.331
0.0089286 	414.059
0.0089643 	414.059
0.009 	414.375
0.0090357 	414.375
0.0090714 	415.765
0.00910715 	415.765
0.0091429 	416.862
0.0091786 	416.862
0.0092143 	416.167
0.00925 	416.167
0.0092857 	418.85
0.0093214 	418.85
0.0093571 	420.823
0.00939285 	420.823
0.0094286 	421.087
0.0094643 	421.087
0.0095 	423.06
0.0095357 	423.06
0.0095714 	423.456
0.00960715 	423.456
0.0096429 	425.312
0.0096786 	425.312
0.0097143 	423.268
0.00975 	423.268
0.0097857 	427.997
0.0098214 	427.997
0.0098571 	427.597
0.00989285 	427.597
0.0099286 	429.963
0.0099643 	429.963
0.01 	430.434
0.0100357 	430.434
0.0100714 	432.677
0.0101071 	432.677
0.0101429 	434.047
0.0101786 	434.047
0.0102143 	433.767
0.01025 	433.767
0.0102857 	437.026
0.0103214 	437.026
0.0103571 	440.056
0.0103929 	440.056
0.0104286 	440.449
0.0104643 	440.449
0.0105 	443.561
0.0105357 	443.561
0.0105714 	444.21
0.0106071 	444.21
0.0106429 	447.163
0.0106786 	447.163
0.0107143 	444.912
0.01075 	444.912
0.0107857 	451.622
0.0108214 	451.622
0.0108571 	451.37
0.0108929 	451.37
0.0109286 	455.042
0.0109643 	455.042
0.011 	455.853
0.0110357 	455.853
0.0110714 	460.006
0.0111071 	460.006
0.0111429 	461.909
0.0111786 	461.909
0.0112143 	462.798
0.01125 	462.798
0.0112857 	467.166
0.0113214 	467.166
0.0113571 	472.689
0.0113929 	472.689
0.0114286 	473.394
0.0114643 	473.394
0.0115 	479.378
0.0115357 	479.378
0.0115714 	480.677
0.0116071 	480.677
0.0116429 	486.487
0.0116786 	486.487
0.0117143 	484.07
0.01175 	484.07
0.0117857 	495.987
0.0118214 	495.987
0.0118571 	496.323
0.0118929 	496.323
0.0119286 	503.829
0.0119643 	503.829
0.012 	505.716
0.0120357 	505.716
0.0120714 	516.184
0.0121071 	516.184
0.0121429 	519.62
0.0121786 	519.62
0.0122143 	525.583
0.01225 	525.583
0.0122857 	533.222
0.0123214 	533.222
0.0123571 	548.321
0.0123929 	548.321
0.0124286 	550.33
0.0124643 	550.33
0.0125 	569.635
0.0125357 	569.635
0.0125714 	574.035
0.0126071 	574.035
0.0126429 	594.318
0.0126786 	594.318
0.0127143 	593.281
0.01275 	593.281
0.0127857 	635.669
0.0128214 	635.669
0.0128571 	641.025
0.0128929 	641.025
0.0129286 	678.805
0.0129643 	678.805
0.013 	691.095
0.0130357 	691.095
0.0130714 	765.72
0.0131071 	765.72
0.0131429 	768.323
0.0131786 	768.323
0.0132143 	639.386
0.01325 	639.386
0.0132857 	588.194
0.0133214 	588.194
0.0133571 	341.66
0.0133929 	341.66
0.0134286 	324.523
0.0134643 	324.523
0.0135 	300.009
0.0135357 	300.009
0.0135714 	300
0.0136071 	300
0.0136429 	300
0.0136786 	300
0.0137143 	300
0.0137857 	300
0.0138571 	300
0.0139286 	300
0.014 	300
0.0141429 	300
0.0142857 	300
0.0145714 	300
0.0148571 	300
0.0151429 	300
0.0154286 	300
0.0157143 	300
0.016 	300
0.0162857 	300
0.0165714 	300
0.0168571 	300
0.0171429 	300
0.0174286 	300
0.0177143 	300
0.018 	300
0.0182857 	300
0.0185714 	300
0.0188571 	300
0.0191429 	300
0.0194286 	300
0.0197143 	300
0.02 	300
0.0202857 	300
0.0205714 	300
0.0208571 	300
0.0211429 	300
0.0214286 	300
0.0217143 	300
0.022 	300
0.0222857 	300
0.0225714 	300
0.0228571 	300
0.0231429 	300
0.0234286 	300
0.0237143 	300
0.024 	300
0.0242857 	300
0.0245714 	300
0.0248571 	300
0.0251429 	300
0.0254286 	300
0.0257143 	300
0.026 	300
0.0262857 	300
0.0265714 	300
0.0268571 	300
0.0271429 	300
0.0274286 	300
0.0277143 	300
0.028 	300
0.0282857 	300
0.0285714 	300
0.0288571 	300
0.0291429 	300
0.0294286 	300
0.0297143 	300
0.03 	300
0.0302857 	300
0.0305714 	300
0.0308571 	300
0.0311428 	300
0.0314286 	300
0.0317143 	300
0.032 	300
0.0322857 	300
0.0325714 	300
0.0328572 	300
0.0331429 	300
0.0334286 	300
0.0337143 	300
0.034 	300
0.0342857 	300
0.0345714 	300
0.0348571 	300
0.0351429 	300
0.0354286 	300
0.0357143 	300
0.036 	300
0.0362857 	300
0.0365714 	300
0.0368572 	300
0.0371429 	300
0.0374286 	300
0.0377143 	300
0.038 	300
0.0382857 	300
0.0385714 	300
0.0388571 	300
0.0391429 	300
0.0394286 	300
