7.27919e-23 	333.461
3.57e-05 	333.461
7.14e-05 	332.971
0.00010715 	332.971
0.0001429 	333.156
0.0001786 	333.156
0.0002143 	332.97
0.00025 	332.97
0.0002857 	334.058
0.0003214 	334.058
0.0003571 	339.415
0.00039285 	339.415
0.0004286 	339.768
0.0004643 	339.768
0.0005 	340.527
0.0005357 	340.527
0.0005714 	340.517
0.00060715 	340.517
0.0006429 	340.574
0.0006786 	340.574
0.0007143 	339.854
0.00075 	339.854
0.0007857 	340.621
0.0008214 	340.621
0.0008571 	340.384
0.00089285 	340.384
0.0009286 	340.617
0.0009643 	340.617
0.001 	340.629
0.0010357 	340.629
0.0010714 	340.547
0.00110715 	340.547
0.0011429 	340.81
0.0011786 	340.81
0.0012143 	340.189
0.00125 	340.189
0.0012857 	340.94
0.0013214 	340.94
0.0013571 	341.041
0.00139285 	341.041
0.0014286 	341.061
0.0014643 	341.061
0.0015 	341.143
0.0015357 	341.143
0.0015714 	341.141
0.00160715 	341.141
0.0016429 	341.203
0.0016786 	341.203
0.0017143 	340.471
0.00175 	340.471
0.0017857 	341.253
0.0018214 	341.253
0.0018571 	341.013
0.00189285 	341.013
0.0019286 	341.253
0.0019643 	341.253
0.002 	341.265
0.0020357 	341.265
0.0020714 	341.185
0.00210715 	341.185
0.0021429 	341.45
0.0021786 	341.45
0.0022143 	340.82
0.00225 	340.82
0.0022857 	341.586
0.0023214 	341.586
0.0023571 	341.693
0.00239285 	341.693
0.0024286 	341.714
0.0024643 	341.714
0.0025 	341.798
0.0025357 	341.798
0.0025714 	341.798
0.00260715 	341.798
0.0026429 	341.861
0.0026786 	341.861
0.0027143 	341.116
0.00275 	341.116
0.0027857 	341.91
0.0028214 	341.91
0.0028571 	341.67
0.00289285 	341.67
0.0029286 	341.916
0.0029643 	341.916
0.003 	341.93
0.0030357 	341.93
0.0030714 	341.858
0.00310715 	341.858
0.0031429 	342.134
0.0031786 	342.134
0.0032143 	341.495
0.00325 	341.495
0.0032857 	342.277
0.0033214 	342.277
0.0033571 	342.387
0.00339285 	342.387
0.0034286 	342.409
0.0034643 	342.409
0.0035 	342.499
0.0035357 	342.499
0.0035714 	342.501
0.00360715 	342.501
0.0036429 	342.571
0.0036786 	342.571
0.0037143 	341.813
0.00375 	341.813
0.0037857 	342.63
0.0038214 	342.63
0.0038571 	342.38
0.00389285 	342.38
0.0039286 	342.633
0.0039643 	342.633
0.004 	342.648
0.0040357 	342.648
0.0040714 	342.573
0.00410715 	342.573
0.0041429 	342.855
0.0041786 	342.855
0.0042143 	342.207
0.00425 	342.207
0.0042857 	343
0.0043214 	343
0.0043571 	343.115
0.00439285 	343.115
0.0044286 	343.138
0.0044643 	343.138
0.0045 	343.231
0.0045357 	343.231
0.0045714 	343.236
0.00460715 	343.236
0.0046429 	343.309
0.0046786 	343.309
0.0047143 	342.537
0.00475 	342.537
0.0047857 	343.374
0.0048214 	343.374
0.0048571 	343.117
0.00489285 	343.117
0.0049286 	343.375
0.0049643 	343.375
0.005 	343.39
0.0050357 	343.39
0.0050714 	343.315
0.00510715 	343.315
0.0051429 	343.603
0.0051786 	343.603
0.0052143 	342.942
0.00525 	342.942
0.0052857 	343.754
0.0053214 	343.754
0.0053571 	343.873
0.00539285 	343.873
0.0054286 	343.896
0.0054643 	343.896
0.0055 	343.996
0.0055357 	343.996
0.0055714 	343.995
0.00560715 	343.995
0.0056429 	344.074
0.0056786 	344.074
0.0057143 	343.289
0.00575 	343.289
0.0057857 	344.15
0.0058214 	344.15
0.0058571 	343.891
0.00589285 	343.891
0.0059286 	344.159
0.0059643 	344.159
0.006 	344.174
0.0060357 	344.174
0.0060714 	344.1
0.00610715 	344.1
0.0061429 	344.392
0.0061786 	344.392
0.0062143 	343.72
0.00625 	343.72
0.0062857 	344.548
0.0063214 	344.548
0.0063571 	344.673
0.00639285 	344.673
0.0064286 	344.697
0.0064643 	344.697
0.0065 	344.804
0.0065357 	344.804
0.0065714 	344.81
0.00660715 	344.81
0.0066429 	344.897
0.0066786 	344.897
0.0067143 	344.096
0.00675 	344.096
0.0067857 	344.979
0.0068214 	344.979
0.0068571 	344.717
0.00689285 	344.717
0.0069286 	344.993
0.0069643 	344.993
0.007 	345.01
0.0070357 	345.01
0.0070714 	344.938
0.00710715 	344.938
0.0071429 	345.236
0.0071786 	345.236
0.0072143 	344.552
0.00725 	344.552
0.0072857 	345.398
0.0073214 	345.398
0.0073571 	345.527
0.00739285 	345.527
0.0074286 	345.552
0.0074643 	345.552
0.0075 	345.657
0.0075357 	345.657
0.0075714 	345.66
0.00760715 	345.66
0.0076429 	345.746
0.0076786 	345.746
0.0077143 	344.929
0.00775 	344.929
0.0077857 	345.838
0.0078214 	345.838
0.0078571 	345.573
0.00789285 	345.573
0.0079286 	345.861
0.0079643 	345.861
0.008 	345.879
0.0080357 	345.879
0.0080714 	345.81
0.00810715 	345.81
0.0081429 	346.115
0.0081786 	346.115
0.0082143 	345.419
0.00825 	345.419
0.0082857 	346.284
0.0083214 	346.284
0.0083571 	346.419
0.00839285 	346.419
0.0084286 	346.445
0.0084643 	346.445
0.0085 	346.56
0.0085357 	346.56
0.0085714 	346.563
0.00860715 	346.563
0.0086429 	346.658
0.0086786 	346.658
0.0087143 	345.824
0.00875 	345.824
0.0087857 	346.752
0.0088214 	346.752
0.0088571 	346.481
0.00889285 	346.481
0.0089286 	346.776
0.0089643 	346.776
0.009 	346.795
0.0090357 	346.795
0.0090714 	346.731
0.00910715 	346.731
0.0091429 	347.044
0.0091786 	347.044
0.0092143 	346.336
0.00925 	346.336
0.0092857 	347.222
0.0093214 	347.222
0.0093571 	347.365
0.00939285 	347.365
0.0094286 	347.392
0.0094643 	347.392
0.0095 	347.515
0.0095357 	347.515
0.0095714 	347.523
0.00960715 	347.523
0.0096429 	347.625
0.0096786 	347.625
0.0097143 	346.775
0.00975 	346.775
0.0097857 	347.729
0.0098214 	347.729
0.0098571 	347.449
0.00989285 	347.449
0.0099286 	347.753
0.0099643 	347.753
0.01 	347.774
0.0100357 	347.774
0.0100714 	347.712
0.0101071 	347.712
0.0101429 	348.033
0.0101786 	348.033
0.0102143 	347.313
0.01025 	347.313
0.0102857 	348.221
0.0103214 	348.221
0.0103571 	348.372
0.0103929 	348.372
0.0104286 	348.401
0.0104643 	348.401
0.0105 	348.533
0.0105357 	348.533
0.0105714 	348.541
0.0106071 	348.541
0.0106429 	348.652
0.0106786 	348.652
0.0107143 	347.78
0.01075 	347.78
0.0107857 	348.759
0.0108214 	348.759
0.0108571 	348.472
0.0108929 	348.472
0.0109286 	348.785
0.0109643 	348.785
0.011 	348.807
0.0110357 	348.807
0.0110714 	348.745
0.0111071 	348.745
0.0111429 	349.078
0.0111786 	349.078
0.0112143 	348.344
0.01125 	348.344
0.0112857 	349.272
0.0113214 	349.272
0.0113571 	349.433
0.0113929 	349.433
0.0114286 	349.462
0.0114643 	349.462
0.0115 	349.602
0.0115357 	349.602
0.0115714 	349.611
0.0116071 	349.611
0.0116429 	349.728
0.0116786 	349.728
0.0117143 	348.838
0.01175 	348.838
0.0117857 	349.851
0.0118214 	349.851
0.0118571 	349.558
0.0118929 	349.558
0.0119286 	349.886
0.0119643 	349.886
0.012 	349.911
0.0120357 	349.911
0.0120714 	349.862
0.0121071 	349.862
0.0121429 	350.207
0.0121786 	350.207
0.0122143 	349.46
0.01225 	349.46
0.0122857 	350.415
0.0123214 	350.415
0.0123571 	350.583
0.0123929 	350.583
0.0124286 	350.614
0.0124643 	350.614
0.0125 	350.764
0.0125357 	350.764
0.0125714 	350.776
0.0126071 	350.776
0.0126429 	350.904
0.0126786 	350.904
0.0127143 	349.992
0.01275 	349.992
0.0127857 	351.037
0.0128214 	351.037
0.0128571 	350.737
0.0128929 	350.737
0.0129286 	351.077
0.0129643 	351.077
0.013 	351.103
0.0130357 	351.103
0.0130714 	351.058
0.0131071 	351.058
0.0131429 	351.412
0.0131786 	351.412
0.0132143 	350.651
0.01325 	350.651
0.0132857 	351.629
0.0133214 	351.629
0.0133571 	351.808
0.0133929 	351.808
0.0134286 	351.842
0.0134643 	351.842
0.0135 	352.003
0.0135357 	352.003
0.0135714 	352.014
0.0136071 	352.014
0.0136429 	352.152
0.0136786 	352.152
0.0137143 	351.216
0.01375 	351.216
0.0137857 	352.295
0.0138214 	352.295
0.0138571 	351.99
0.0138929 	351.99
0.0139286 	352.346
0.0139643 	352.346
0.014 	352.375
0.0140357 	352.375
0.0140714 	352.339
0.0141071 	352.339
0.0141429 	352.705
0.0141786 	352.705
0.0142143 	351.934
0.01425 	351.934
0.0142857 	352.938
0.0143214 	352.938
0.0143571 	353.134
0.0143929 	353.134
0.0144286 	353.17
0.0144643 	353.17
0.0145 	353.336
0.0145357 	353.336
0.0145714 	353.349
0.0146071 	353.349
0.0146429 	353.493
0.0146786 	353.493
0.0147143 	352.532
0.01475 	352.532
0.0147857 	353.654
0.0148214 	353.654
0.0148571 	353.34
0.0148929 	353.34
0.0149286 	353.711
0.0149643 	353.711
0.015 	353.742
0.0150357 	353.742
0.0150714 	353.709
0.0151071 	353.709
0.0151429 	354.088
0.0151786 	354.088
0.0152143 	353.295
0.01525 	353.295
0.0152857 	354.334
0.0153214 	354.334
0.0153571 	354.54
0.0153929 	354.54
0.0154286 	354.578
0.0154643 	354.578
0.0155 	354.764
0.0155357 	354.764
0.0155714 	354.779
0.0156071 	354.779
0.0156429 	354.941
0.0156786 	354.941
0.0157143 	353.955
0.01575 	353.955
0.0157857 	355.116
0.0158214 	355.116
0.0158571 	354.797
0.0158929 	354.797
0.0159286 	355.185
0.0159643 	355.185
0.016 	355.219
0.0160357 	355.219
0.0160714 	355.196
0.0161071 	355.196
0.0161429 	355.584
0.0161786 	355.584
0.0162143 	354.774
0.01625 	354.774
0.0162857 	355.844
0.0163214 	355.844
0.0163571 	356.064
0.0163929 	356.064
0.0164286 	356.104
0.0164643 	356.104
0.0165 	356.301
0.0165357 	356.301
0.0165714 	356.322
0.0166071 	356.322
0.0166429 	356.497
0.0166786 	356.497
0.0167143 	355.482
0.01675 	355.482
0.0167857 	356.692
0.0168214 	356.692
0.0168571 	356.364
0.0168929 	356.364
0.0169286 	356.772
0.0169643 	356.772
0.017 	356.809
0.0170357 	356.809
0.0170714 	356.795
0.0171071 	356.795
0.0171429 	357.204
0.0171786 	357.204
0.0172143 	356.378
0.01725 	356.378
0.0172857 	357.488
0.0173214 	357.488
0.0173571 	357.73
0.0173929 	357.73
0.0174286 	357.772
0.0174643 	357.772
0.0175 	357.991
0.0175357 	357.991
0.0175714 	358.016
0.0176071 	358.016
0.0176429 	358.209
0.0176786 	358.209
0.0177143 	357.164
0.01775 	357.164
0.0177857 	358.426
0.0178214 	358.426
0.0178571 	358.087
0.0178929 	358.087
0.0179286 	358.519
0.0179643 	358.519
0.018 	358.559
0.0180357 	358.559
0.0180714 	358.565
0.0181071 	358.565
0.0181429 	358.985
0.0181786 	358.985
0.0182143 	358.14
0.01825 	358.14
0.0182857 	359.289
0.0183214 	359.289
0.0183571 	359.547
0.0183929 	359.547
0.0184286 	359.596
0.0184643 	359.596
0.0185 	359.836
0.0185357 	359.836
0.0185714 	359.865
0.0186071 	359.865
0.0186429 	360.079
0.0186786 	360.079
0.0187143 	359
0.01875 	359
0.0187857 	360.321
0.0188214 	360.321
0.0188571 	359.97
0.0188929 	359.97
0.0189286 	360.426
0.0189643 	360.426
0.019 	360.47
0.0190357 	360.47
0.0190714 	360.491
0.0191071 	360.491
0.0191429 	360.932
0.0191786 	360.932
0.0192143 	360.071
0.01925 	360.071
0.0192857 	361.264
0.0193214 	361.264
0.0193571 	361.551
0.0193929 	361.551
0.0194286 	361.6
0.0194643 	361.6
0.0195 	361.866
0.0195357 	361.866
0.0195714 	361.895
0.0196071 	361.895
0.0196429 	362.13
0.0196786 	362.13
0.0197143 	361.014
0.01975 	361.014
0.0197857 	362.398
0.0198214 	362.398
0.0198571 	362.043
0.0198929 	362.043
0.0199286 	362.528
0.0199643 	362.528
0.02 	362.577
0.0200357 	362.577
0.0200714 	362.617
0.0201071 	362.617
0.0201429 	363.075
0.0201786 	363.075
0.0202143 	362.194
0.02025 	362.194
0.0202857 	363.439
0.0203214 	363.439
0.0203571 	363.754
0.0203929 	363.754
0.0204286 	363.808
0.0204643 	363.808
0.0205 	364.096
0.0205357 	364.096
0.0205714 	364.136
0.0206071 	364.136
0.0206429 	364.395
0.0206786 	364.395
0.0207143 	363.239
0.02075 	363.239
0.0207857 	364.698
0.0208214 	364.698
0.0208571 	364.332
0.0208929 	364.332
0.0209286 	364.853
0.0209643 	364.853
0.021 	364.909
0.0210357 	364.909
0.0210714 	364.976
0.0211071 	364.976
0.0211429 	365.461
0.0211786 	365.461
0.0212143 	364.564
0.02125 	364.564
0.0212857 	365.861
0.0213214 	365.861
0.0213571 	366.213
0.0213929 	366.213
0.0214286 	366.27
0.0214643 	366.27
0.0215 	366.593
0.0215357 	366.593
0.0215714 	366.637
0.0216071 	366.637
0.0216429 	366.929
0.0216786 	366.929
0.0217143 	365.729
0.02175 	365.729
0.0217857 	367.278
0.0218214 	367.278
0.0218571 	366.902
0.0218929 	366.902
0.0219286 	367.464
0.0219643 	367.464
0.022 	367.528
0.0220357 	367.528
0.0220714 	367.628
0.0221071 	367.628
0.0221429 	368.142
0.0221786 	368.142
0.0222143 	367.227
0.02225 	367.227
0.0222857 	368.589
0.0223214 	368.589
0.0223571 	368.985
0.0223929 	368.985
0.0224286 	369.049
0.0224643 	369.049
0.0225 	369.414
0.0225357 	369.414
0.0225714 	369.463
0.0226071 	369.463
0.0226429 	369.793
0.0226786 	369.793
0.0227143 	368.545
0.02275 	368.545
0.0227857 	370.197
0.0228214 	370.197
0.0228571 	369.809
0.0228929 	369.809
0.0229286 	370.416
0.0229643 	370.416
0.023 	370.487
0.0230357 	370.487
0.0230714 	370.617
0.0231071 	370.617
0.0231429 	371.158
0.0231786 	371.158
0.0232143 	370.222
0.02325 	370.222
0.0232857 	371.655
0.0233214 	371.655
0.0233571 	372.102
0.0233929 	372.102
0.0234286 	372.172
0.0234643 	372.172
0.0235 	372.589
0.0235357 	372.589
0.0235714 	372.651
0.0236071 	372.651
0.0236429 	373.031
0.0236786 	373.031
0.0237143 	371.727
0.02375 	371.727
0.0237857 	373.503
0.0238214 	373.503
0.0238571 	373.102
0.0238929 	373.102
0.0239286 	373.769
0.0239643 	373.769
0.024 	373.852
0.0240357 	373.852
0.0240714 	374.034
0.0241071 	374.034
0.0241429 	374.612
0.0241786 	374.612
0.0242143 	373.661
0.02425 	373.661
0.0242857 	375.178
0.0243214 	375.178
0.0243571 	375.691
0.0243929 	375.691
0.0244286 	375.771
0.0244643 	375.771
0.0245 	376.254
0.0245357 	376.254
0.0245714 	376.33
0.0246071 	376.33
0.0246429 	376.772
0.0246786 	376.772
0.0247143 	375.406
0.02475 	375.406
0.0247857 	377.327
0.0248214 	377.327
0.0248571 	376.916
0.0248929 	376.916
0.0249286 	377.656
0.0249643 	377.656
0.025 	377.753
0.0250357 	377.753
0.0250714 	378.007
0.0251071 	378.007
0.0251429 	378.624
0.0251786 	378.624
0.0252143 	377.661
0.02525 	377.661
0.0252857 	379.277
0.0253214 	379.277
0.0253571 	379.876
0.0253929 	379.876
0.0254286 	379.968
0.0254643 	379.968
0.0255 	380.533
0.0255357 	380.533
0.0255714 	380.624
0.0256071 	380.624
0.0256429 	381.143
0.0256786 	381.143
0.0257143 	379.706
0.02575 	379.706
0.0257857 	381.811
0.0258214 	381.811
0.0258571 	381.385
0.0258929 	381.385
0.0259286 	382.219
0.0259643 	382.219
0.026 	382.335
0.0260357 	382.335
0.0260714 	382.681
0.0261071 	382.681
0.0261429 	383.349
0.0261786 	383.349
0.0262143 	382.378
0.02625 	382.378
0.0262857 	384.112
0.0263214 	384.112
0.0263571 	384.82
0.0263929 	384.82
0.0264286 	384.924
0.0264643 	384.924
0.0265 	385.599
0.0265357 	385.599
0.0265714 	385.715
0.0266071 	385.715
0.0266429 	386.336
0.0266786 	386.336
0.0267143 	384.817
0.02675 	384.817
0.0267857 	387.148
0.0268214 	387.148
0.0268571 	386.71
0.0268929 	386.71
0.0269286 	387.663
0.0269643 	387.663
0.027 	387.804
0.0270357 	387.804
0.0270714 	388.274
0.0271071 	388.274
0.0271429 	389.009
0.0271786 	389.009
0.0272143 	388.043
0.02725 	388.043
0.0272857 	389.924
0.0273214 	389.924
0.0273571 	390.787
0.0273929 	390.787
0.0274286 	390.911
0.0274643 	390.911
0.0275 	391.744
0.0275357 	391.744
0.0275714 	391.891
0.0276071 	391.891
0.0276429 	392.661
0.0276786 	392.661
0.0277143 	391.046
0.02775 	391.046
0.0277857 	393.684
0.0278214 	393.684
0.0278571 	393.236
0.0278929 	393.236
0.0279286 	394.355
0.0279643 	394.355
0.028 	394.531
0.0280357 	394.531
0.0280714 	395.179
0.0281071 	395.179
0.0281429 	395.998
0.0281786 	395.998
0.0282143 	395.061
0.02825 	395.061
0.0282857 	397.129
0.0283214 	397.129
0.0283571 	398.213
0.0283929 	398.213
0.0284286 	398.366
0.0284643 	398.366
0.0285 	399.417
0.0285357 	399.417
0.0285714 	399.614
0.0286071 	399.614
0.0286429 	400.591
0.0286786 	400.591
0.0287143 	398.86
0.02875 	398.86
0.0287857 	401.927
0.0288214 	401.927
0.0288571 	401.475
0.0288929 	401.475
0.0289286 	402.833
0.0289643 	402.833
0.029 	403.063
0.0290357 	403.063
0.0290714 	403.992
0.0291071 	403.992
0.0291429 	404.922
0.0291786 	404.922
0.0292143 	404.058
0.02925 	404.058
0.0292857 	406.378
0.0293214 	406.378
0.0293571 	407.798
0.0293929 	407.798
0.0294286 	407.992
0.0294643 	407.992
0.0295 	409.384
0.0295357 	409.384
0.0295714 	409.652
0.0296071 	409.652
0.0296429 	410.952
0.0296786 	410.952
0.0297143 	409.08
0.02975 	409.08
0.0297857 	412.773
0.0298214 	412.773
0.0298571 	412.329
0.0298929 	412.329
0.0299286 	414.056
0.0299643 	414.056
0.03 	414.373
0.0300357 	414.373
0.0300714 	415.762
0.0301071 	415.762
0.0301429 	416.86
0.0301786 	416.86
0.0302143 	416.167
0.03025 	416.167
0.0302857 	418.849
0.0303214 	418.849
0.0303571 	420.824
0.0303928 	420.824
0.0304286 	421.087
0.0304643 	421.087
0.0305 	423.058
0.0305357 	423.058
0.0305714 	423.454
0.0306071 	423.454
0.0306429 	425.306
0.0306786 	425.306
0.0307143 	423.263
0.03075 	423.263
0.0307857 	427.99
0.0308214 	427.99
0.0308571 	427.59
0.0308928 	427.59
0.0309286 	429.954
0.0309643 	429.954
0.031 	430.425
0.0310357 	430.425
0.0310714 	432.669
0.0311072 	432.669
0.0311429 	434.038
0.0311786 	434.038
0.0312143 	433.758
0.03125 	433.758
0.0312857 	437.017
0.0313214 	437.017
0.0313571 	440.047
0.0313928 	440.047
0.0314286 	440.44
0.0314643 	440.44
0.0315 	443.549
0.0315357 	443.549
0.0315714 	444.198
0.0316072 	444.198
0.0316429 	447.149
0.0316786 	447.149
0.0317143 	444.899
0.03175 	444.899
0.0317857 	451.605
0.0318214 	451.605
0.0318571 	451.352
0.0318929 	451.352
0.0319286 	455.028
0.0319643 	455.028
0.032 	455.837
0.0320357 	455.837
0.0320714 	460.001
0.0321072 	460.001
0.0321429 	461.902
0.0321786 	461.902
0.0322143 	462.792
0.03225 	462.792
0.0322857 	467.163
0.0323214 	467.163
0.0323571 	472.678
0.0323929 	472.678
0.0324286 	473.385
0.0324643 	473.385
0.0325 	479.375
0.0325357 	479.375
0.0325714 	480.673
0.0326072 	480.673
0.0326429 	486.484
0.0326786 	486.484
0.0327143 	484.066
0.03275 	484.066
0.0327857 	495.978
0.0328214 	495.978
0.0328571 	496.314
0.0328929 	496.314
0.0329286 	503.813
0.0329643 	503.813
0.033 	505.696
0.0330357 	505.696
0.0330714 	516.16
0.0331072 	516.16
0.0331429 	519.595
0.0331786 	519.595
0.0332143 	525.55
0.03325 	525.55
0.0332857 	533.196
0.0333214 	533.196
0.0333571 	548.294
0.0333929 	548.294
0.0334286 	550.306
0.0334643 	550.306
0.0335 	569.603
0.0335357 	569.603
0.0335714 	573.999
0.0336072 	573.999
0.0336429 	594.29
0.0336786 	594.29
0.0337143 	593.247
0.03375 	593.247
0.0337857 	635.617
0.0338214 	635.617
0.0338571 	640.969
0.0338929 	640.969
0.0339286 	678.767
0.0339643 	678.767
0.034 	691.061
0.0340357 	691.061
0.0340714 	765.626
0.0341072 	765.626
0.0341429 	768.226
0.0341786 	768.226
0.0342143 	639.334
0.03425 	639.334
0.0342857 	588.157
0.0343214 	588.157
0.0343571 	341.674
0.0343929 	341.674
0.0344286 	324.535
0.0344643 	324.535
0.0345 	300.009
0.0345357 	300.009
0.0345714 	300
0.0346072 	300
0.0346429 	300
0.0346786 	300
0.0347143 	300
0.0347857 	300
0.0348571 	300
0.035 	300
0.0351429 	300
0.0352858 	300
0.0354286 	300
0.0357143 	300
0.036 	300
0.0362857 	300
0.0365714 	300
0.0368572 	300
0.0371429 	300
0.0374286 	300
0.0377143 	300
0.038 	300
0.0382857 	300
0.0385714 	300
0.0388571 	300
0.0391429 	300
0.0394286 	300
