7.27919e-23 	343.918
3.57e-05 	343.918
7.14e-05 	343.256
0.00010715 	343.256
0.0001429 	343.683
0.0001786 	343.683
0.0002143 	345.289
0.00025 	345.289
0.0002857 	347.589
0.0003214 	347.589
0.0003571 	358.178
0.00039285 	358.178
0.0004286 	358.877
0.0004643 	358.877
0.0005 	360.326
0.0005357 	360.326
0.0005714 	360.349
0.00060715 	360.349
0.0006429 	360.563
0.0006786 	360.563
0.0007143 	359.472
0.00075 	359.472
0.0007857 	360.808
0.0008214 	360.808
0.0008571 	360.458
0.00089285 	360.458
0.0009286 	360.921
0.0009643 	360.921
0.001 	360.966
0.0010357 	360.966
0.0010714 	360.988
0.00110715 	360.988
0.0011429 	361.436
0.0011786 	361.436
0.0012143 	360.566
0.00125 	360.566
0.0012857 	361.774
0.0013214 	361.774
0.0013571 	362.065
0.00139285 	362.065
0.0014286 	362.115
0.0014643 	362.115
0.0015 	362.384
0.0015357 	362.384
0.0015714 	362.415
0.00160715 	362.415
0.0016429 	362.654
0.0016786 	362.654
0.0017143 	361.527
0.00175 	361.527
0.0017857 	362.93
0.0018214 	362.93
0.0018571 	362.572
0.00189285 	362.572
0.0019286 	363.067
0.0019643 	363.067
0.002 	363.118
0.0020357 	363.118
0.0020714 	363.162
0.00210715 	363.162
0.0021429 	363.626
0.0021786 	363.626
0.0022143 	362.74
0.00225 	362.74
0.0022857 	364
0.0023214 	364
0.0023571 	364.324
0.00239285 	364.324
0.0024286 	364.378
0.0024643 	364.378
0.0025 	364.674
0.0025357 	364.674
0.0025714 	364.713
0.00260715 	364.713
0.0026429 	364.978
0.0026786 	364.978
0.0027143 	363.809
0.00275 	363.809
0.0027857 	365.285
0.0028214 	365.285
0.0028571 	364.919
0.00289285 	364.919
0.0029286 	365.449
0.0029643 	365.449
0.003 	365.507
0.0030357 	365.507
0.0030714 	365.588
0.00310715 	365.588
0.0031429 	366.083
0.0031786 	366.083
0.0032143 	365.179
0.00325 	365.179
0.0032857 	366.496
0.0033214 	366.496
0.0033571 	366.857
0.00339285 	366.857
0.0034286 	366.916
0.0034643 	366.916
0.0035 	367.25
0.0035357 	367.25
0.0035714 	367.298
0.00360715 	367.298
0.0036429 	367.6
0.0036786 	367.6
0.0037143 	366.387
0.00375 	366.387
0.0037857 	367.961
0.0038214 	367.961
0.0038571 	367.579
0.00389285 	367.579
0.0039286 	368.152
0.0039643 	368.152
0.004 	368.218
0.0040357 	368.218
0.0040714 	368.326
0.00410715 	368.326
0.0041429 	368.847
0.0041786 	368.847
0.0042143 	367.924
0.00425 	367.924
0.0042857 	369.303
0.0043214 	369.303
0.0043571 	369.709
0.00439285 	369.709
0.0044286 	369.774
0.0044643 	369.774
0.0045 	370.15
0.0045357 	370.15
0.0045714 	370.208
0.00460715 	370.208
0.0046429 	370.55
0.0046786 	370.55
0.0047143 	369.286
0.00475 	369.286
0.0047857 	370.968
0.0048214 	370.968
0.0048571 	370.571
0.00489285 	370.571
0.0049286 	371.193
0.0049643 	371.193
0.005 	371.267
0.0050357 	371.267
0.0050714 	371.414
0.00510715 	371.414
0.0051429 	371.965
0.0051786 	371.965
0.0052143 	371.023
0.00525 	371.023
0.0052857 	372.479
0.0053214 	372.479
0.0053571 	372.939
0.00539285 	372.939
0.0054286 	373.011
0.0054643 	373.011
0.0055 	373.444
0.0055357 	373.444
0.0055714 	373.506
0.00560715 	373.506
0.0056429 	373.902
0.0056786 	373.902
0.0057143 	372.582
0.00575 	372.582
0.0057857 	374.396
0.0058214 	374.396
0.0058571 	373.991
0.00589285 	373.991
0.0059286 	374.677
0.0059643 	374.677
0.006 	374.762
0.0060357 	374.762
0.0060714 	374.962
0.00610715 	374.962
0.0061429 	375.547
0.0061786 	375.547
0.0062143 	374.589
0.00625 	374.589
0.0062857 	376.13
0.0063214 	376.13
0.0063571 	376.66
0.00639285 	376.66
0.0064286 	376.743
0.0064643 	376.743
0.0065 	377.246
0.0065357 	377.246
0.0065714 	377.328
0.00660715 	377.328
0.0066429 	377.791
0.0066786 	377.791
0.0067143 	376.407
0.00675 	376.407
0.0067857 	378.377
0.0068214 	378.377
0.0068571 	377.962
0.00689285 	377.962
0.0069286 	378.726
0.0069643 	378.726
0.007 	378.827
0.0070357 	378.827
0.0070714 	379.098
0.00710715 	379.098
0.0071429 	379.727
0.0071786 	379.727
0.0072143 	378.758
0.00725 	378.758
0.0072857 	380.401
0.0073214 	380.401
0.0073571 	381.02
0.00739285 	381.02
0.0074286 	381.114
0.0074643 	381.114
0.0075 	381.697
0.0075357 	381.697
0.0075714 	381.793
0.00760715 	381.793
0.0076429 	382.33
0.0076786 	382.33
0.0077143 	380.874
0.00775 	380.874
0.0077857 	383.04
0.0078214 	383.04
0.0078571 	382.616
0.00789285 	382.616
0.0079286 	383.481
0.0079643 	383.481
0.008 	383.603
0.0080357 	383.603
0.0080714 	383.973
0.00810715 	383.973
0.0081429 	384.655
0.0081786 	384.655
0.0082143 	383.682
0.00825 	383.682
0.0082857 	385.45
0.0083214 	385.45
0.0083571 	386.19
0.00839285 	386.19
0.0084286 	386.299
0.0084643 	386.299
0.0085 	387.008
0.0085357 	387.008
0.0085714 	387.129
0.00860715 	387.129
0.0086429 	387.785
0.0086786 	387.785
0.0087143 	386.242
0.00875 	386.242
0.0087857 	388.648
0.0088214 	388.648
0.0088571 	388.211
0.00889285 	388.211
0.0089286 	389.202
0.0089643 	389.202
0.009 	389.351
0.0090357 	389.351
0.0090714 	389.86
0.00910715 	389.86
0.0091429 	390.61
0.0091786 	390.61
0.0092143 	389.647
0.00925 	389.647
0.0092857 	391.571
0.0093214 	391.571
0.0093571 	392.479
0.00939285 	392.479
0.0094286 	392.61
0.0094643 	392.61
0.0095 	393.488
0.0095357 	393.488
0.0095714 	393.647
0.00960715 	393.647
0.0096429 	394.461
0.0096786 	394.461
0.0097143 	392.819
0.00975 	392.819
0.0097857 	395.555
0.0098214 	395.555
0.0098571 	395.106
0.00989285 	395.106
0.0099286 	396.278
0.0099643 	396.278
0.01 	396.466
0.0100357 	396.466
0.0100714 	397.174
0.0101071 	397.174
0.0101429 	398.015
0.0101786 	398.015
0.0102143 	397.09
0.01025 	397.09
0.0102857 	399.215
0.0103214 	399.215
0.0103571 	400.37
0.0103929 	400.37
0.0104286 	400.531
0.0104643 	400.531
0.0105 	401.656
0.0105357 	401.656
0.0105714 	401.868
0.0106071 	401.868
0.0106429 	402.915
0.0106786 	402.915
0.0107143 	401.151
0.01075 	401.151
0.0107857 	404.346
0.0108214 	404.346
0.0108571 	403.895
0.0108929 	403.895
0.0109286 	405.326
0.0109643 	405.326
0.011 	405.574
0.0110357 	405.574
0.0110714 	406.587
0.0111071 	406.587
0.0111429 	407.554
0.0111786 	407.554
0.0112143 	406.72
0.01125 	406.72
0.0112857 	409.116
0.0113214 	409.116
0.0113571 	410.65
0.0113929 	410.65
0.0114286 	410.857
0.0114643 	410.857
0.0115 	412.367
0.0115357 	412.367
0.0115714 	412.661
0.0116071 	412.661
0.0116429 	414.074
0.0116786 	414.074
0.0117143 	412.164
0.01175 	412.164
0.0117857 	416.07
0.0118214 	416.07
0.0118571 	415.634
0.0118929 	415.634
0.0119286 	417.49
0.0119643 	417.49
0.012 	417.837
0.0120357 	417.837
0.0120714 	419.393
0.0121071 	419.393
0.0121429 	420.547
0.0121786 	420.547
0.0122143 	419.926
0.01225 	419.926
0.0122857 	422.724
0.0123214 	422.724
0.0123571 	424.896
0.0123929 	424.896
0.0124286 	425.183
0.0124643 	425.183
0.0125 	427.367
0.0125357 	427.367
0.0125714 	427.811
0.0126071 	427.811
0.0126429 	429.867
0.0126786 	429.867
0.0127143 	427.776
0.01275 	427.776
0.0127857 	432.874
0.0128214 	432.874
0.0128571 	432.498
0.0128929 	432.498
0.0129286 	435.098
0.0129643 	435.098
0.013 	435.628
0.0130357 	435.628
0.0130714 	438.206
0.0131071 	438.206
0.0131429 	439.672
0.0131786 	439.672
0.0132143 	439.574
0.01325 	439.574
0.0132857 	443.037
0.0133214 	443.037
0.0133571 	446.482
0.0133929 	446.482
0.0134286 	446.927
0.0134643 	446.927
0.0135 	450.499
0.0135357 	450.499
0.0135714 	451.253
0.0136071 	451.253
0.0136429 	454.658
0.0136786 	454.658
0.0137143 	452.356
0.01375 	452.356
0.0137857 	459.882
0.0138214 	459.882
0.0138571 	459.706
0.0138929 	459.706
0.0139286 	463.951
0.0139643 	463.951
0.014 	464.914
0.0140357 	464.914
0.0140714 	469.956
0.0141071 	469.956
0.0141429 	472.082
0.0141786 	472.082
0.0142143 	473.588
0.01425 	473.588
0.0142857 	478.428
0.0143214 	478.428
0.0143571 	485.151
0.0143929 	485.151
0.0144286 	486.011
0.0144643 	486.011
0.0145 	493.464
0.0145357 	493.464
0.0145714 	495.099
0.0146071 	495.099
0.0146429 	502.404
0.0146786 	502.404
0.0147143 	500.006
0.01475 	500.006
0.0147857 	514.756
0.0148214 	514.756
0.0148571 	515.476
0.0148929 	515.476
0.0149286 	525.253
0.0149643 	525.253
0.015 	527.824
0.0150357 	527.824
0.0150714 	542.387
0.0151071 	542.387
0.0151429 	546.778
0.0151786 	546.778
0.0152143 	556.727
0.01525 	556.727
0.0152857 	566.525
0.0153214 	566.525
0.0153571 	589.054
0.0153929 	589.054
0.0154286 	592.173
0.0154643 	592.173
0.0155 	623.884
0.0155357 	623.884
0.0155714 	631.225
0.0156071 	631.225
0.0156429 	666.636
0.0156786 	666.636
0.0157143 	668.389
0.01575 	668.389
0.0157857 	749.191
0.0158214 	749.191
0.0158571 	756.767
0.0158929 	756.767
0.0159286 	709.79
0.0159643 	709.79
0.016 	669.214
0.0160357 	669.214
0.0160714 	390.153
0.0161071 	390.153
0.0161429 	357.043
0.0161786 	357.043
0.0162143 	300.022
0.01625 	300.022
0.0162857 	300
0.0163214 	300
0.0163571 	300
0.0163929 	300
0.0164286 	300
0.0165 	300
0.0165714 	300
0.0167143 	300
0.0168571 	300
0.017 	300
0.0171429 	300
0.0174286 	300
0.0177143 	300
0.018 	300
0.0182857 	300
0.0185714 	300
0.0188571 	300
0.0191429 	300
0.0194286 	300
0.0197143 	300
0.02 	300
0.0202857 	300
0.0205714 	300
0.0208571 	300
0.0211429 	300
0.0214286 	300
0.0217143 	300
0.022 	300
0.0222857 	300
0.0225714 	300
0.0228571 	300
0.0231429 	300
0.0234286 	300
0.0237143 	300
0.024 	300
0.0242857 	300
0.0245714 	300
0.0248571 	300
0.0251429 	300
0.0254286 	300
0.0257143 	300
0.026 	300
0.0262857 	300
0.0265714 	300
0.0268571 	300
0.0271429 	300
0.0274286 	300
0.0277143 	300
0.028 	300
0.0282857 	300
0.0285714 	300
0.0288571 	300
0.0291429 	300
0.0294286 	300
0.0297143 	300
0.03 	300
0.0302857 	300
0.0305714 	300
0.0308571 	300
0.0311428 	300
0.0314286 	300
0.0317143 	300
0.032 	300
0.0322857 	300
0.0325714 	300
0.0328572 	300
0.0331429 	300
0.0334286 	300
0.0337143 	300
0.034 	300
0.0342857 	300
0.0345714 	300
0.0348571 	300
0.0351429 	300
0.0354286 	300
0.0357143 	300
0.036 	300
0.0362857 	300
0.0365714 	300
0.0368572 	300
0.0371429 	300
0.0374286 	300
0.0377143 	300
0.038 	300
0.0382857 	300
0.0385714 	300
0.0388571 	300
0.0391429 	300
0.0394286 	300
