7.27919e-23 	352.163
3.57e-05 	352.163
7.14e-05 	351.367
0.00010715 	351.367
0.0001429 	352.091
0.0001786 	352.091
0.0002143 	356.641
0.00025 	356.641
0.0002857 	360.57
0.0003214 	360.57
0.0003571 	378.067
0.00039285 	378.067
0.0004286 	379.237
0.0004643 	379.237
0.0005 	381.71
0.0005357 	381.71
0.0005714 	381.804
0.00060715 	381.804
0.0006429 	382.343
0.0006786 	382.343
0.0007143 	380.882
0.00075 	380.882
0.0007857 	383.038
0.0008214 	383.038
0.0008571 	382.609
0.00089285 	382.609
0.0009286 	383.467
0.0009643 	383.467
0.001 	383.588
0.0010357 	383.588
0.0010714 	383.955
0.00110715 	383.955
0.0011429 	384.642
0.0011786 	384.642
0.0012143 	383.666
0.00125 	383.666
0.0012857 	385.436
0.0013214 	385.436
0.0013571 	386.176
0.00139285 	386.176
0.0014286 	386.286
0.0014643 	386.286
0.0015 	386.996
0.0015357 	386.996
0.0015714 	387.117
0.00160715 	387.117
0.0016429 	387.772
0.0016786 	387.772
0.0017143 	386.227
0.00175 	386.227
0.0017857 	388.631
0.0018214 	388.631
0.0018571 	388.191
0.00189285 	388.191
0.0019286 	389.182
0.0019643 	389.182
0.002 	389.331
0.0020357 	389.331
0.0020714 	389.836
0.00210715 	389.836
0.0021429 	390.588
0.0021786 	390.588
0.0022143 	389.625
0.00225 	389.625
0.0022857 	391.551
0.0023214 	391.551
0.0023571 	392.462
0.00239285 	392.462
0.0024286 	392.593
0.0024643 	392.593
0.0025 	393.468
0.0025357 	393.468
0.0025714 	393.627
0.00260715 	393.627
0.0026429 	394.436
0.0026786 	394.436
0.0027143 	392.79
0.00275 	392.79
0.0027857 	395.516
0.0028214 	395.516
0.0028571 	395.066
0.00289285 	395.066
0.0029286 	396.236
0.0029643 	396.236
0.003 	396.426
0.0030357 	396.426
0.0030714 	397.145
0.00310715 	397.145
0.0031429 	397.991
0.0031786 	397.991
0.0032143 	397.067
0.00325 	397.067
0.0032857 	399.194
0.0033214 	399.194
0.0033571 	400.349
0.00339285 	400.349
0.0034286 	400.51
0.0034643 	400.51
0.0035 	401.633
0.0035357 	401.633
0.0035714 	401.846
0.00360715 	401.846
0.0036429 	402.891
0.0036786 	402.891
0.0037143 	401.125
0.00375 	401.125
0.0037857 	404.325
0.0038214 	404.325
0.0038571 	403.873
0.00389285 	403.873
0.0039286 	405.309
0.0039643 	405.309
0.004 	405.558
0.0040357 	405.558
0.0040714 	406.58
0.00410715 	406.58
0.0041429 	407.55
0.0041786 	407.55
0.0042143 	406.715
0.00425 	406.715
0.0042857 	409.114
0.0043214 	409.114
0.0043571 	410.646
0.00439285 	410.646
0.0044286 	410.854
0.0044643 	410.854
0.0045 	412.361
0.0045357 	412.361
0.0045714 	412.658
0.00460715 	412.658
0.0046429 	414.066
0.0046786 	414.066
0.0047143 	412.153
0.00475 	412.153
0.0047857 	416.061
0.0048214 	416.061
0.0048571 	415.621
0.00489285 	415.621
0.0049286 	417.474
0.0049643 	417.474
0.005 	417.819
0.0050357 	417.819
0.0050714 	419.367
0.00510715 	419.367
0.0051429 	420.521
0.0051786 	420.521
0.0052143 	419.897
0.00525 	419.897
0.0052857 	422.699
0.0053214 	422.699
0.0053571 	424.874
0.00539285 	424.874
0.0054286 	425.162
0.0054643 	425.162
0.0055 	427.349
0.0055357 	427.349
0.0055714 	427.79
0.00560715 	427.79
0.0056429 	429.849
0.0056786 	429.849
0.0057143 	427.756
0.00575 	427.756
0.0057857 	432.854
0.0058214 	432.854
0.0058571 	432.477
0.00589285 	432.477
0.0059286 	435.078
0.0059643 	435.078
0.006 	435.608
0.0060357 	435.608
0.0060714 	438.179
0.00610715 	438.179
0.0061429 	439.646
0.0061786 	439.646
0.0062143 	439.544
0.00625 	439.544
0.0062857 	443.01
0.0063214 	443.01
0.0063571 	446.451
0.00639285 	446.451
0.0064286 	446.896
0.0064643 	446.896
0.0065 	450.469
0.0065357 	450.469
0.0065714 	451.22
0.00660715 	451.22
0.0066429 	454.625
0.0066786 	454.625
0.0067143 	452.321
0.00675 	452.321
0.0067857 	459.861
0.0068214 	459.861
0.0068571 	459.689
0.00689285 	459.689
0.0069286 	463.935
0.0069643 	463.935
0.007 	464.897
0.0070357 	464.897
0.0070714 	469.934
0.00710715 	469.934
0.0071429 	472.061
0.0071786 	472.061
0.0072143 	473.556
0.00725 	473.556
0.0072857 	478.396
0.0073214 	478.396
0.0073571 	485.109
0.00739285 	485.109
0.0074286 	485.97
0.0074643 	485.97
0.0075 	493.416
0.0075357 	493.416
0.0075714 	495.051
0.00760715 	495.051
0.0076429 	502.358
0.0076786 	502.358
0.0077143 	499.96
0.00775 	499.96
0.0077857 	514.718
0.0078214 	514.718
0.0078571 	515.44
0.00789285 	515.44
0.0079286 	525.229
0.0079643 	525.229
0.008 	527.8
0.0080357 	527.8
0.0080714 	542.363
0.00810715 	542.363
0.0081429 	546.755
0.0081786 	546.755
0.0082143 	556.707
0.00825 	556.707
0.0082857 	566.509
0.0083214 	566.509
0.0083571 	589.026
0.00839285 	589.026
0.0084286 	592.147
0.0084643 	592.147
0.0085 	623.866
0.0085357 	623.866
0.0085714 	631.204
0.00860715 	631.204
0.0086429 	666.604
0.0086786 	666.604
0.0087143 	668.354
0.00875 	668.354
0.0087857 	749.177
0.0088214 	749.177
0.0088571 	756.749
0.00889285 	756.749
0.0089286 	709.735
0.0089643 	709.735
0.009 	669.163
0.0090357 	669.163
0.0090714 	390.169
0.00910715 	390.169
0.0091429 	357.057
0.0091786 	357.057
0.0092143 	300.022
0.00925 	300.022
0.0092857 	300
0.0093214 	300
0.0093571 	300
0.00939285 	300
0.0094286 	300
0.0095 	300
0.0095714 	300
0.00964285 	300
0.0097143 	300
0.00985715 	300
0.01 	300
0.0101429 	300
0.0102857 	300
0.0105714 	300
0.0108571 	300
0.0111429 	300
0.0114286 	300
0.0117143 	300
0.012 	300
0.0122857 	300
0.0125714 	300
0.0128571 	300
0.0131429 	300
0.0134286 	300
0.0137143 	300
0.014 	300
0.0142857 	300
0.0145714 	300
0.0148571 	300
0.0151429 	300
0.0154286 	300
0.0157143 	300
0.016 	300
0.0162857 	300
0.0165714 	300
0.0168571 	300
0.0171429 	300
0.0174286 	300
0.0177143 	300
0.018 	300
0.0182857 	300
0.0185714 	300
0.0188571 	300
0.0191429 	300
0.0194286 	300
0.0197143 	300
0.02 	300
0.0202857 	300
0.0205714 	300
0.0208571 	300
0.0211429 	300
0.0214286 	300
0.0217143 	300
0.022 	300
0.0222857 	300
0.0225714 	300
0.0228571 	300
0.0231429 	300
0.0234286 	300
0.0237143 	300
0.024 	300
0.0242857 	300
0.0245714 	300
0.0248571 	300
0.0251429 	300
0.0254286 	300
0.0257143 	300
0.026 	300
0.0262857 	300
0.0265714 	300
0.0268571 	300
0.0271429 	300
0.0274286 	300
0.0277143 	300
0.028 	300
0.0282857 	300
0.0285714 	300
0.0288571 	300
0.0291429 	300
0.0294286 	300
0.0297143 	300
0.03 	300
0.0302857 	300
0.0305714 	300
0.0308571 	300
0.0311428 	300
0.0314286 	300
0.0317143 	300
0.032 	300
0.0322857 	300
0.0325714 	300
0.0328572 	300
0.0331429 	300
0.0334286 	300
0.0337143 	300
0.034 	300
0.0342857 	300
0.0345714 	300
0.0348571 	300
0.0351429 	300
0.0354286 	300
0.0357143 	300
0.036 	300
0.0362857 	300
0.0365714 	300
0.0368572 	300
0.0371429 	300
0.0374286 	300
0.0377143 	300
0.038 	300
0.0382857 	300
0.0385714 	300
0.0388571 	300
0.0391429 	300
0.0394286 	300
