7.27919e-23 	350.298
3.57e-05 	350.298
7.14e-05 	349.532
0.00010715 	349.532
0.0001429 	350.178
0.0001786 	350.178
0.0002143 	353.9
0.00025 	353.9
0.0002857 	357.39
0.0003214 	357.39
0.0003571 	373.03
0.00039285 	373.03
0.0004286 	374.072
0.0004643 	374.072
0.0005 	376.256
0.0005357 	376.256
0.0005714 	376.328
0.00060715 	376.328
0.0006429 	376.765
0.0006786 	376.765
0.0007143 	375.396
0.00075 	375.396
0.0007857 	377.317
0.0008214 	377.317
0.0008571 	376.903
0.00089285 	376.903
0.0009286 	377.642
0.0009643 	377.642
0.001 	377.739
0.0010357 	377.739
0.0010714 	377.989
0.00110715 	377.989
0.0011429 	378.61
0.0011786 	378.61
0.0012143 	377.64
0.00125 	377.64
0.0012857 	379.258
0.0013214 	379.258
0.0013571 	379.852
0.00139285 	379.852
0.0014286 	379.943
0.0014643 	379.943
0.0015 	380.508
0.0015357 	380.508
0.0015714 	380.599
0.00160715 	380.599
0.0016429 	381.118
0.0016786 	381.118
0.0017143 	379.678
0.00175 	379.678
0.0017857 	381.782
0.0018214 	381.782
0.0018571 	381.356
0.00189285 	381.356
0.0019286 	382.19
0.0019643 	382.19
0.002 	382.306
0.0020357 	382.306
0.0020714 	382.646
0.00210715 	382.646
0.0021429 	383.314
0.0021786 	383.314
0.0022143 	382.342
0.00225 	382.342
0.0022857 	384.078
0.0023214 	384.078
0.0023571 	384.788
0.00239285 	384.788
0.0024286 	384.894
0.0024643 	384.894
0.0025 	385.568
0.0025357 	385.568
0.0025714 	385.684
0.00260715 	385.684
0.0026429 	386.304
0.0026786 	386.304
0.0027143 	384.782
0.00275 	384.782
0.0027857 	387.109
0.0028214 	387.109
0.0028571 	386.672
0.00289285 	386.672
0.0029286 	387.626
0.0029643 	387.626
0.003 	387.768
0.0030357 	387.768
0.0030714 	388.247
0.00310715 	388.247
0.0031429 	388.985
0.0031786 	388.985
0.0032143 	388.019
0.00325 	388.019
0.0032857 	389.903
0.0033214 	389.903
0.0033571 	390.767
0.00339285 	390.767
0.0034286 	390.892
0.0034643 	390.892
0.0035 	391.722
0.0035357 	391.722
0.0035714 	391.872
0.00360715 	391.872
0.0036429 	392.64
0.0036786 	392.64
0.0037143 	391.022
0.00375 	391.022
0.0037857 	393.664
0.0038214 	393.664
0.0038571 	393.215
0.00389285 	393.215
0.0039286 	394.336
0.0039643 	394.336
0.004 	394.515
0.0040357 	394.515
0.0040714 	395.166
0.00410715 	395.166
0.0041429 	395.987
0.0041786 	395.987
0.0042143 	395.049
0.00425 	395.049
0.0042857 	397.118
0.0043214 	397.118
0.0043571 	398.202
0.00439285 	398.202
0.0044286 	398.355
0.0044643 	398.355
0.0045 	399.403
0.0045357 	399.403
0.0045714 	399.602
0.00460715 	399.602
0.0046429 	400.577
0.0046786 	400.577
0.0047143 	398.843
0.00475 	398.843
0.0047857 	401.912
0.0048214 	401.912
0.0048571 	401.457
0.00489285 	401.457
0.0049286 	402.815
0.0049643 	402.815
0.005 	403.044
0.0050357 	403.044
0.0050714 	403.97
0.00510715 	403.97
0.0051429 	404.903
0.0051786 	404.903
0.0052143 	404.036
0.00525 	404.036
0.0052857 	406.36
0.0053214 	406.36
0.0053571 	407.779
0.00539285 	407.779
0.0054286 	407.973
0.0054643 	407.973
0.0055 	409.369
0.0055357 	409.369
0.0055714 	409.636
0.00560715 	409.636
0.0056429 	410.94
0.0056786 	410.94
0.0057143 	409.068
0.00575 	409.068
0.0057857 	412.766
0.0058214 	412.766
0.0058571 	412.324
0.00589285 	412.324
0.0059286 	414.052
0.0059643 	414.052
0.006 	414.367
0.0060357 	414.367
0.0060714 	415.753
0.00610715 	415.753
0.0061429 	416.851
0.0061786 	416.851
0.0062143 	416.155
0.00625 	416.155
0.0062857 	418.839
0.0063214 	418.839
0.0063571 	420.812
0.00639285 	420.812
0.0064286 	421.075
0.0064643 	421.075
0.0065 	423.051
0.0065357 	423.051
0.0065714 	423.447
0.00660715 	423.447
0.0066429 	425.303
0.0066786 	425.303
0.0067143 	423.259
0.00675 	423.259
0.0067857 	427.994
0.0068214 	427.994
0.0068571 	427.597
0.00689285 	427.597
0.0069286 	429.965
0.0069643 	429.965
0.007 	430.436
0.0070357 	430.436
0.0070714 	432.679
0.00710715 	432.679
0.0071429 	434.048
0.0071786 	434.048
0.0072143 	433.765
0.00725 	433.765
0.0072857 	437.025
0.0073214 	437.025
0.0073571 	440.051
0.00739285 	440.051
0.0074286 	440.445
0.0074643 	440.445
0.0075 	443.542
0.0075357 	443.542
0.0075714 	444.187
0.00760715 	444.187
0.0076429 	447.132
0.0076786 	447.132
0.0077143 	444.882
0.00775 	444.882
0.0077857 	451.607
0.0078214 	451.607
0.0078571 	451.358
0.00789285 	451.358
0.0079286 	455.041
0.0079643 	455.041
0.008 	455.851
0.0080357 	455.851
0.0080714 	460.015
0.00810715 	460.015
0.0081429 	461.916
0.0081786 	461.916
0.0082143 	462.806
0.00825 	462.806
0.0082857 	467.177
0.0083214 	467.177
0.0083571 	472.689
0.00839285 	472.689
0.0084286 	473.396
0.0084643 	473.396
0.0085 	479.383
0.0085357 	479.383
0.0085714 	480.681
0.00860715 	480.681
0.0086429 	486.49
0.0086786 	486.49
0.0087143 	484.071
0.00875 	484.071
0.0087857 	495.984
0.0088214 	495.984
0.0088571 	496.32
0.00889285 	496.32
0.0089286 	503.82
0.0089643 	503.82
0.009 	505.704
0.0090357 	505.704
0.0090714 	516.175
0.00910715 	516.175
0.0091429 	519.61
0.0091786 	519.61
0.0092143 	525.564
0.00925 	525.564
0.0092857 	533.208
0.0093214 	533.208
0.0093571 	548.305
0.00939285 	548.305
0.0094286 	550.317
0.0094643 	550.317
0.0095 	569.618
0.0095357 	569.618
0.0095714 	574.016
0.00960715 	574.016
0.0096429 	594.312
0.0096786 	594.312
0.0097143 	593.271
0.00975 	593.271
0.0097857 	635.647
0.0098214 	635.647
0.0098571 	640.998
0.00989285 	640.998
0.0099286 	678.797
0.0099643 	678.797
0.01 	691.089
0.0100357 	691.089
0.0100714 	765.678
0.0101071 	765.678
0.0101429 	768.281
0.0101786 	768.281
0.0102143 	639.378
0.01025 	639.378
0.0102857 	588.19
0.0103214 	588.19
0.0103571 	341.663
0.0103929 	341.663
0.0104286 	324.526
0.0104643 	324.526
0.0105 	300.009
0.0105357 	300.009
0.0105714 	300
0.0106071 	300
0.0106429 	300
0.0106786 	300
0.0107143 	300
0.0107857 	300
0.0108571 	300
0.011 	300
0.0111429 	300
0.0112857 	300
0.0114286 	300
0.0117143 	300
0.012 	300
0.0122857 	300
0.0125714 	300
0.0128571 	300
0.0131429 	300
0.0134286 	300
0.0137143 	300
0.014 	300
0.0142857 	300
0.0145714 	300
0.0148571 	300
0.0151429 	300
0.0154286 	300
0.0157143 	300
0.016 	300
0.0162857 	300
0.0165714 	300
0.0168571 	300
0.0171429 	300
0.0174286 	300
0.0177143 	300
0.018 	300
0.0182857 	300
0.0185714 	300
0.0188571 	300
0.0191429 	300
0.0194286 	300
0.0197143 	300
0.02 	300
0.0202857 	300
0.0205714 	300
0.0208571 	300
0.0211429 	300
0.0214286 	300
0.0217143 	300
0.022 	300
0.0222857 	300
0.0225714 	300
0.0228571 	300
0.0231429 	300
0.0234286 	300
0.0237143 	300
0.024 	300
0.0242857 	300
0.0245714 	300
0.0248571 	300
0.0251429 	300
0.0254286 	300
0.0257143 	300
0.026 	300
0.0262857 	300
0.0265714 	300
0.0268571 	300
0.0271429 	300
0.0274286 	300
0.0277143 	300
0.028 	300
0.0282857 	300
0.0285714 	300
0.0288571 	300
0.0291429 	300
0.0294286 	300
0.0297143 	300
0.03 	300
0.0302857 	300
0.0305714 	300
0.0308571 	300
0.0311428 	300
0.0314286 	300
0.0317143 	300
0.032 	300
0.0322857 	300
0.0325714 	300
0.0328572 	300
0.0331429 	300
0.0334286 	300
0.0337143 	300
0.034 	300
0.0342857 	300
0.0345714 	300
0.0348571 	300
0.0351429 	300
0.0354286 	300
0.0357143 	300
0.036 	300
0.0362857 	300
0.0365714 	300
0.0368572 	300
0.0371429 	300
0.0374286 	300
0.0377143 	300
0.038 	300
0.0382857 	300
0.0385714 	300
0.0388571 	300
0.0391429 	300
0.0394286 	300
