7.27919e-23 	340.252
3.57e-05 	340.252
7.14e-05 	339.65
0.00010715 	339.65
0.0001429 	339.979
0.0001786 	339.979
0.0002143 	340.762
0.00025 	340.762
0.0002857 	342.552
0.0003214 	342.552
0.0003571 	350.954
0.00039285 	350.954
0.0004286 	351.507
0.0004643 	351.507
0.0005 	352.66
0.0005357 	352.66
0.0005714 	352.667
0.00060715 	352.667
0.0006429 	352.806
0.0006786 	352.806
0.0007143 	351.856
0.00075 	351.856
0.0007857 	352.954
0.0008214 	352.954
0.0008571 	352.644
0.00089285 	352.644
0.0009286 	353.005
0.0009643 	353.005
0.001 	353.034
0.0010357 	353.034
0.0010714 	352.996
0.00110715 	352.996
0.0011429 	353.37
0.0011786 	353.37
0.0012143 	352.583
0.00125 	352.583
0.0012857 	353.608
0.0013214 	353.608
0.0013571 	353.805
0.00139285 	353.805
0.0014286 	353.842
0.0014643 	353.842
0.0015 	354.019
0.0015357 	354.019
0.0015714 	354.033
0.00160715 	354.033
0.0016429 	354.186
0.0016786 	354.186
0.0017143 	353.211
0.00175 	353.211
0.0017857 	354.349
0.0018214 	354.349
0.0018571 	354.033
0.00189285 	354.033
0.0019286 	354.412
0.0019643 	354.412
0.002 	354.443
0.0020357 	354.443
0.0020714 	354.415
0.00210715 	354.415
0.0021429 	354.797
0.0021786 	354.797
0.0022143 	353.996
0.00225 	353.996
0.0022857 	355.054
0.0023214 	355.054
0.0023571 	355.269
0.00239285 	355.269
0.0024286 	355.308
0.0024643 	355.308
0.0025 	355.496
0.0025357 	355.496
0.0025714 	355.516
0.00260715 	355.516
0.0026429 	355.68
0.0026786 	355.68
0.0027143 	354.676
0.00275 	354.676
0.0027857 	355.854
0.0028214 	355.854
0.0028571 	355.533
0.00289285 	355.533
0.0029286 	355.931
0.0029643 	355.931
0.003 	355.967
0.0030357 	355.967
0.0030714 	355.958
0.00310715 	355.958
0.0031429 	356.36
0.0031786 	356.36
0.0032143 	355.543
0.00325 	355.543
0.0032857 	356.638
0.0033214 	356.638
0.0033571 	356.869
0.00339285 	356.869
0.0034286 	356.91
0.0034643 	356.91
0.0035 	357.118
0.0035357 	357.118
0.0035714 	357.142
0.00360715 	357.142
0.0036429 	357.325
0.0036786 	357.325
0.0037143 	356.293
0.00375 	356.293
0.0037857 	357.526
0.0038214 	357.526
0.0038571 	357.191
0.00389285 	357.191
0.0039286 	357.611
0.0039643 	357.611
0.004 	357.65
0.0040357 	357.65
0.0040714 	357.649
0.00410715 	357.649
0.0041429 	358.066
0.0041786 	358.066
0.0042143 	357.232
0.00425 	357.232
0.0042857 	358.361
0.0043214 	358.361
0.0043571 	358.612
0.00439285 	358.612
0.0044286 	358.656
0.0044643 	358.656
0.0045 	358.882
0.0045357 	358.882
0.0045714 	358.911
0.00460715 	358.911
0.0046429 	359.11
0.0046786 	359.11
0.0047143 	358.047
0.00475 	358.047
0.0047857 	359.336
0.0048214 	359.336
0.0048571 	358.99
0.00489285 	358.99
0.0049286 	359.432
0.0049643 	359.432
0.005 	359.474
0.0050357 	359.474
0.0050714 	359.485
0.00510715 	359.485
0.0051429 	359.919
0.0051786 	359.919
0.0052143 	359.065
0.00525 	359.065
0.0052857 	360.239
0.0053214 	360.239
0.0053571 	360.511
0.00539285 	360.511
0.0054286 	360.558
0.0054643 	360.558
0.0055 	360.808
0.0055357 	360.808
0.0055714 	360.834
0.00560715 	360.834
0.0056429 	361.057
0.0056786 	361.057
0.0057143 	359.96
0.00575 	359.96
0.0057857 	361.317
0.0058214 	361.317
0.0058571 	360.965
0.00589285 	360.965
0.0059286 	361.436
0.0059643 	361.436
0.006 	361.483
0.0060357 	361.483
0.0060714 	361.51
0.00610715 	361.51
0.0061429 	361.96
0.0061786 	361.96
0.0062143 	361.088
0.00625 	361.088
0.0062857 	362.307
0.0063214 	362.307
0.0063571 	362.607
0.00639285 	362.607
0.0064286 	362.658
0.0064643 	362.658
0.0065 	362.937
0.0065357 	362.937
0.0065714 	362.974
0.00660715 	362.974
0.0066429 	363.224
0.0066786 	363.224
0.0067143 	362.089
0.00675 	362.089
0.0067857 	363.517
0.0068214 	363.517
0.0068571 	363.158
0.00689285 	363.158
0.0069286 	363.662
0.0069643 	363.662
0.007 	363.714
0.0070357 	363.714
0.0070714 	363.764
0.00710715 	363.764
0.0071429 	364.236
0.0071786 	364.236
0.0072143 	363.343
0.00725 	363.343
0.0072857 	364.614
0.0073214 	364.614
0.0073571 	364.945
0.00739285 	364.945
0.0074286 	365
0.0074643 	365
0.0075 	365.3
0.0075357 	365.3
0.0075714 	365.339
0.00760715 	365.339
0.0076429 	365.611
0.0076786 	365.611
0.0077143 	364.433
0.00775 	364.433
0.0077857 	365.947
0.0078214 	365.947
0.0078571 	365.58
0.00789285 	365.58
0.0079286 	366.125
0.0079643 	366.125
0.008 	366.184
0.0080357 	366.184
0.0080714 	366.263
0.00810715 	366.263
0.0081429 	366.757
0.0081786 	366.757
0.0082143 	365.847
0.00825 	365.847
0.0082857 	367.177
0.0083214 	367.177
0.0083571 	367.545
0.00839285 	367.545
0.0084286 	367.605
0.0084643 	367.605
0.0085 	367.948
0.0085357 	367.948
0.0085714 	367.994
0.00860715 	367.994
0.0086429 	368.305
0.0086786 	368.305
0.0087143 	367.081
0.00875 	367.081
0.0087857 	368.682
0.0088214 	368.682
0.0088571 	368.303
0.00889285 	368.303
0.0089286 	368.888
0.0089643 	368.888
0.009 	368.955
0.0090357 	368.955
0.0090714 	369.071
0.00910715 	369.071
0.0091429 	369.594
0.0091786 	369.594
0.0092143 	368.665
0.00925 	368.665
0.0092857 	370.063
0.0093214 	370.063
0.0093571 	370.478
0.00939285 	370.478
0.0094286 	370.546
0.0094643 	370.546
0.0095 	370.936
0.0095357 	370.936
0.0095714 	370.994
0.00960715 	370.994
0.0096429 	371.35
0.0096786 	371.35
0.0097143 	370.076
0.00975 	370.076
0.0097857 	371.789
0.0098214 	371.789
0.0098571 	371.394
0.00989285 	371.394
0.0099286 	372.032
0.0099643 	372.032
0.01 	372.109
0.0100357 	372.109
0.0100714 	372.269
0.0101071 	372.269
0.0101429 	372.823
0.0101786 	372.823
0.0102143 	371.878
0.01025 	371.878
0.0102857 	373.353
0.0103214 	373.353
0.0103571 	373.83
0.0103929 	373.83
0.0104286 	373.905
0.0104643 	373.905
0.0105 	374.354
0.0105357 	374.354
0.0105714 	374.424
0.0106071 	374.424
0.0106429 	374.835
0.0106786 	374.835
0.0107143 	373.5
0.01075 	373.5
0.0107857 	375.342
0.0108214 	375.342
0.0108571 	374.934
0.0108929 	374.934
0.0109286 	375.633
0.0109643 	375.633
0.011 	375.724
0.0110357 	375.724
0.0110714 	375.934
0.0111071 	375.934
0.0111429 	376.53
0.0111786 	376.53
0.0112143 	375.569
0.01125 	375.569
0.0112857 	377.132
0.0113214 	377.132
0.0113571 	377.684
0.0113929 	377.684
0.0114286 	377.768
0.0114643 	377.768
0.0115 	378.291
0.0115357 	378.291
0.0115714 	378.373
0.0116071 	378.373
0.0116429 	378.852
0.0116786 	378.852
0.0117143 	377.453
0.01175 	377.453
0.0117857 	379.463
0.0118214 	379.463
0.0118571 	379.043
0.0118929 	379.043
0.0119286 	379.829
0.0119643 	379.829
0.012 	379.936
0.0120357 	379.936
0.0120714 	380.236
0.0121071 	380.236
0.0121429 	380.88
0.0121786 	380.88
0.0122143 	379.911
0.01225 	379.911
0.0122857 	381.582
0.0123214 	381.582
0.0123571 	382.229
0.0123929 	382.229
0.0124286 	382.326
0.0124643 	382.326
0.0125 	382.944
0.0125357 	382.944
0.0125714 	383.049
0.0126071 	383.049
0.0126429 	383.618
0.0126786 	383.618
0.0127143 	382.143
0.01275 	382.143
0.0127857 	384.356
0.0128214 	384.356
0.0128571 	383.923
0.0128929 	383.923
0.0129286 	384.813
0.0129643 	384.813
0.013 	384.941
0.0130357 	384.941
0.0130714 	385.343
0.0131071 	385.343
0.0131429 	386.043
0.0131786 	386.043
0.0132143 	385.072
0.01325 	385.072
0.0132857 	386.873
0.0133214 	386.873
0.0133571 	387.651
0.0133929 	387.651
0.0134286 	387.765
0.0134643 	387.765
0.0135 	388.514
0.0135357 	388.514
0.0135714 	388.645
0.0136071 	388.645
0.0136429 	389.336
0.0136786 	389.336
0.0137143 	387.771
0.01375 	387.771
0.0137857 	390.247
0.0138214 	390.247
0.0138571 	389.804
0.0138929 	389.804
0.0139286 	390.836
0.0139643 	390.836
0.014 	390.994
0.0140357 	390.994
0.0140714 	391.549
0.0141071 	391.549
0.0141429 	392.321
0.0141786 	392.321
0.0142143 	391.371
0.01425 	391.371
0.0142857 	393.337
0.0143214 	393.337
0.0143571 	394.306
0.0143929 	394.306
0.0144286 	394.443
0.0144643 	394.443
0.0145 	395.366
0.0145357 	395.366
0.0145714 	395.533
0.0146071 	395.533
0.0146429 	396.389
0.0146786 	396.389
0.0147143 	394.718
0.01475 	394.718
0.0147857 	397.556
0.0148214 	397.556
0.0148571 	397.105
0.0148929 	397.105
0.0149286 	398.333
0.0149643 	398.333
0.015 	398.533
0.0150357 	398.533
0.0150714 	399.304
0.0151071 	399.304
0.0151429 	400.175
0.0151786 	400.175
0.0152143 	399.265
0.01525 	399.265
0.0152857 	401.448
0.0153214 	401.448
0.0153571 	402.679
0.0153929 	402.679
0.0154286 	402.85
0.0154643 	402.85
0.0155 	404.056
0.0155357 	404.056
0.0155714 	404.283
0.0156071 	404.283
0.0156429 	405.405
0.0156786 	405.405
0.0157143 	403.609
0.01575 	403.609
0.0157857 	406.955
0.0158214 	406.955
0.0158571 	406.507
0.0158929 	406.507
0.0159286 	408.028
0.0159643 	408.028
0.016 	408.295
0.0160357 	408.295
0.0160714 	409.421
0.0161071 	409.421
0.0161429 	410.425
0.0161786 	410.425
0.0162143 	409.629
0.01625 	409.629
0.0162857 	412.108
0.0163214 	412.108
0.0163571 	413.767
0.0163929 	413.767
0.0164286 	413.99
0.0164643 	413.99
0.0165 	415.629
0.0165357 	415.629
0.0165714 	415.953
0.0166071 	415.953
0.0166429 	417.488
0.0166786 	417.488
0.0167143 	415.536
0.01675 	415.536
0.0167857 	419.677
0.0168214 	419.677
0.0168571 	419.25
0.0168929 	419.25
0.0169286 	421.247
0.0169643 	421.247
0.017 	421.629
0.0170357 	421.629
0.0170714 	423.369
0.0171071 	423.369
0.0171429 	424.585
0.0171786 	424.585
0.0172143 	424.052
0.01725 	424.052
0.0172857 	426.982
0.0173214 	426.982
0.0173571 	429.396
0.0173929 	429.396
0.0174286 	429.712
0.0174643 	429.712
0.0175 	432.148
0.0175357 	432.148
0.0175714 	432.647
0.0176071 	432.647
0.0176429 	434.947
0.0176786 	434.947
0.0177143 	432.806
0.01775 	432.806
0.0177857 	438.341
0.0178214 	438.341
0.0178571 	437.994
0.0178929 	437.994
0.0179286 	440.881
0.0179643 	440.881
0.018 	441.484
0.0180357 	441.484
0.0180714 	444.468
0.0181071 	444.468
0.0181429 	446.051
0.0181786 	446.051
0.0182143 	446.192
0.01825 	446.192
0.0182857 	449.898
0.0183214 	449.898
0.0183571 	453.865
0.0183929 	453.865
0.0184286 	454.375
0.0184643 	454.375
0.0185 	458.545
0.0185357 	458.545
0.0185714 	459.434
0.0186071 	459.434
0.0186429 	463.425
0.0186786 	463.425
0.0187143 	461.074
0.01875 	461.074
0.0187857 	469.657
0.0188214 	469.657
0.0188571 	469.594
0.0188929 	469.594
0.0189286 	474.582
0.0189643 	474.582
0.019 	475.746
0.0190357 	475.746
0.0190714 	481.968
0.0191071 	481.968
0.0191429 	484.389
0.0191786 	484.389
0.0192143 	486.773
0.01925 	486.773
0.0192857 	492.238
0.0193214 	492.238
0.0193571 	500.66
0.0193929 	500.66
0.0194286 	501.744
0.0194643 	501.744
0.0195 	511.394
0.0195357 	511.394
0.0195714 	513.537
0.0196071 	513.537
0.0196429 	523.137
0.0196786 	523.137
0.0197143 	520.853
0.01975 	520.853
0.0197857 	540.048
0.0198214 	540.048
0.0198571 	541.426
0.0198929 	541.426
0.0199286 	555.037
0.0199643 	555.037
0.02 	558.812
0.0200357 	558.812
0.0200714 	580.667
0.0201071 	580.667
0.0201429 	586.761
0.0201786 	586.761
0.0202143 	604.888
0.02025 	604.888
0.0202857 	618.772
0.0203214 	618.772
0.0203571 	656.797
0.0203929 	656.797
0.0204286 	662.496
0.0204643 	662.496
0.0205 	725.31
0.0205357 	725.31
0.0205714 	740.12
0.0206071 	740.12
0.0206429 	751.679
0.0206786 	751.679
0.0207143 	723.382
0.02075 	723.382
0.0207857 	462.75
0.0208214 	462.75
0.0208571 	411.309
0.0208929 	411.309
0.0209286 	305.633
0.0209643 	305.633
0.021 	300.002
0.0210357 	300.002
0.0210714 	300
0.0211071 	300
0.0211429 	300
0.0212143 	300
0.0212857 	300
0.0213571 	300
0.0214286 	300
0.0215714 	300
0.0217143 	300
0.022 	300
0.0222857 	300
0.0225714 	300
0.0228571 	300
0.0231429 	300
0.0234286 	300
0.0237143 	300
0.024 	300
0.0242857 	300
0.0245714 	300
0.0248571 	300
0.0251429 	300
0.0254286 	300
0.0257143 	300
0.026 	300
0.0262857 	300
0.0265714 	300
0.0268571 	300
0.0271429 	300
0.0274286 	300
0.0277143 	300
0.028 	300
0.0282857 	300
0.0285714 	300
0.0288571 	300
0.0291429 	300
0.0294286 	300
0.0297143 	300
0.03 	300
0.0302857 	300
0.0305714 	300
0.0308571 	300
0.0311428 	300
0.0314286 	300
0.0317143 	300
0.032 	300
0.0322857 	300
0.0325714 	300
0.0328572 	300
0.0331429 	300
0.0334286 	300
0.0337143 	300
0.034 	300
0.0342857 	300
0.0345714 	300
0.0348571 	300
0.0351429 	300
0.0354286 	300
0.0357143 	300
0.036 	300
0.0362857 	300
0.0365714 	300
0.0368572 	300
0.0371429 	300
0.0374286 	300
0.0377143 	300
0.038 	300
0.0382857 	300
0.0385714 	300
0.0388571 	300
0.0391429 	300
0.0394286 	300
